749
22
775
906
48
424 631
236 731
409 427
915 876
275
984 810
813 237
820
109
480
745
451
130 824
837 54
38
339 558
511 363
11
921
485
13
606
287
113
847 53
670 399
200 762
262 578
661 190
939
846 175
157 911
513 542
591
964
605
744 152
982 981
114 750
840 185
817 191
134 934
832 224
544 484
619 207
497
703 343
197
726 335
452 608
153 883
344 512
456
28
302
472
725
81
450
615 221
435
841 967
962
802
345 628
26 941
550
99 828
146 753
581 253
438 634
20 980
414 577
416
888
706
638
937 838
977 131
51 916
91 892
521 324
856 117
645
588
350 563
205
289 564
133 806
243 752
318 676
877
260
145
768
993 928
321 710
272
609 226
735 295
765 269
87
211
736
488
301
10 946
907
644
309
536
567
23
960 64
995 968
779
963
4
314
34
433
41
137 793
746
454 607
899
890
493
551
348
439
103
286
388 599
794 59
45
169 696
40 58
559
479
761
251
663
870
885 69
677
144 927
525 428
835 996
458 589
118 749
561
509
557
799
167
19
896
664 171
596
553 306
244 595
297 759
423
756
524 476
728
732
504
329
241
327 668
225
179
947 834
622 198
712
594
830
502
468
695 160
791
681 168
833 2
401 683
270 720
723
499
532
149
546
988 119
792
566 238
199 657
461 586
283
721 180
469 418
953 818
771
560
216
407 580
862 958
879 76
125
951
570
127
217
44 909
105 898
796 97
391
924
196
436
413 659
83
860
5
652
537 487
801 55
625 280
986
195 782
183 603
50
156 918
421
861 979
383 637
571 385
457
665 417
273 585
494 498
304 717
394 636
27 945
219
278
8 999
368 666
189
373 501
90
797 84
825 46
372 496
872 957
155 788
612 331
181
254
277
836
814 79
936
482 510
844
823
265
70
154
72 868
803
886
708
381
848
201
724
887
853 965
808 246
228
942
166
296
956 158
405 492
845
623
397
950
889
923
932 161
231 773
406
508
805 102
320
913
459 353
247
255
855
25
602
387
138 781
969
355 517
815
467
194
770 257
361
778
332
674 432
831
386 685
299
422 632
972
903 930
894 974
500
647
616
755
184
187
912 206
6 774
743
364
473
360
411
857 96
973 36
300
89
878
852
866 95
795 104
474 338
994
193
80 57
675 143
926
754
298
263 568
642
530
382 495
455 535
233
358
35
460
654
549
150 884
202
204 600
32 66
627
67 904
929 68
534 266
490 529
697 128
718
371 601
110
139
653 223
869
222
514
92
688
151 715
891 949
998
997
290 582
704
279
178
839
285 789
481 548
252 590
347
98
140
111
444 630
463
336 579
867
328
393
922
729
812
528 288
52 897
396
470 403
955
73
931
249 587
78
880
367
873 86
987
920 65
739
858 215
707
462
162 699
648
292
148
777
209
576
3
402 673
313
531
108 783
370
404
620 419
827
475 552
341 523
281
443 545
680
881 214
352
242 598
679
819
572 366
88 902
147 919
429
757
129 990
174
120
662 218
849
18 769
900
533
742
188 871
159
15 985
261
349
389
259 816
821
760 71
392 449
727
613
305
400
641
992
356
933
583 359
864
294
800 248
716 337
991 961
17
208
115 0
719
440
307 698
617 466
483
573 234
124 758
230
611
741
39
614
7
629
543 322
100
826
101 901
785
410 633
63
505
176
507
430
333
701 384
671
776
173 684
584
412
425
49 910
643 271
516
268
240
554
650
555
954
539
210
245
908
284
597
740 291
640
522 527
518 464
325
30 82
672
686 395
850
905
751 264
165 711
610
970
575
267
692
669
865
786
415 635
738
446
106
541
434 465
9
60
75
142
362
342
29
442
311
447 618
737 126
56
593
232
229
256 700
24
12 85
705 116
944
274
203
21
730
952 47
437 375
935
526
604
713
213
978
722
807
574
431
790
690
94 798
369
562 390
943 61
177
787
330 709
975
687
851
212
624 172
376 660
319
656
693
863
377
62
16
829
804
293
875
453
702
925
112
74
14
592
346
378
667
682
182 882
239
893
626
77
809
380
565
854
379
303
334
506
315
136
121
540
842
141
646
874
811
235
519
822
843
966
983
312
93 37
489
323
914
1
658
691
486
170
31 940
538
43
917
976
491
107
258
351
357
317
186
276
132
227 651
408 445
895
420
763 123
678
747
621
520
374
655
649
441
733
515
164
780
316
426 478
694
938
326
340
859
772
354
714 310
556
959
569
471 398
971
764
767
547 250
135
33
477
42
192
365 503
448
220
282
308
639
734
748
766
784
948
989
122
