3376
5 86 10 87
140 7 141 12
46 169 46 180
178 238 178 249
56 58 58 61
194 79 196 82
188 209 199 209
81 59 83 62
192 220 192 231
133 60 134 65
73 192 84 192
31 21 32 26
96 167 101 168
93 223 96 225
80 29 81 34
12 207 17 208
21 147 22 152
152 25 155 27
150 14 152 17
61 232 61 243
119 75 121 78
188 14 199 14
14 163 19 164
117 37 122 38
75 134 80 135
32 119 34 122
172 100 175 102
169 164 180 164
152 171 163 171
48 46 49 51
56 134 59 136
148 233 148 244
159 21 164 22
122 41 133 41
111 223 111 234
113 100 118 101
8 112 11 114
119 49 121 52
155 191 160 192
179 81 180 86
178 106 180 109
143 116 146 118
23 155 34 155
2 163 2 174
77 17 88 17
97 152 100 154
193 78 193 89
162 93 162 104
172 134 172 145
177 32 179 35
194 72 196 75
112 185 114 188
104 219 107 221
18 230 20 233
76 165 78 168
20 85 31 85
83 199 86 201
138 234 141 236
83 144 83 155
6 233 7 238
123 155 123 166
65 133 67 136
66 124 67 129
79 156 90 156
193 30 198 31
71 165 71 176
36 30 39 32
87 95 90 97
127 168 127 179
38 154 41 156
51 89 62 89
198 233 199 238
57 7 59 10
33 193 34 198
45 218 47 221
142 2 142 13
70 149 75 150
65 151 76 151
30 240 41 240
151 246 154 248
23 176 24 181
15 89 26 89
48 8 50 11
99 101 104 102
113 105 116 107
96 235 98 238
179 169 182 171
47 15 48 20
8 245 11 247
143 20 143 31
145 169 156 169
52 47 57 48
8 115 9 120
114 200 114 211
18 124 20 127
29 184 32 186
1 105 2 110
6 227 9 229
48 78 51 80
47 158 49 161
192 137 192 148
164 184 164 195
92 24 95 26
55 140 60 141
46 73 47 78
126 4 137 4
6 82 8 85
159 202 164 203
37 178 38 183
102 140 102 151
41 140 46 141
70 62 72 65
135 67 146 67
146 189 146 200
121 238 132 238
99 163 110 163
29 150 34 151
153 55 153 66
185 0 196 0
48 21 53 22
8 184 13 185
183 121 185 124
110 90 112 93
37 120 40 122
118 14 121 16
179 150 190 150
142 48 143 53
167 67 169 70
10 136 13 138
96 111 97 116
87 93 98 93
54 0 56 3
143 176 144 181
153 179 156 181
13 47 16 49
188 64 190 67
81 4 84 6
11 71 12 76
163 116 165 119
145 106 148 108
178 185 180 188
55 155 55 166
93 118 93 129
36 80 38 83
2 125 3 130
51 91 51 102
62 226 63 231
62 31 63 36
54 201 55 206
58 161 69 161
128 130 128 141
2 138 2 149
88 45 99 45
105 61 107 64
174 45 175 50
76 184 79 186
70 226 75 227
169 2 170 7
35 62 46 62
21 164 26 165
22 227 25 229
16 244 27 244
49 108 49 119
135 95 135 106
183 98 184 103
100 28 105 29
14 133 16 136
26 4 31 5
133 140 138 141
21 143 26 144
30 104 31 109
142 17 145 19
11 144 11 155
88 87 91 89
171 106 173 109
86 134 89 136
24 53 24 64
176 23 176 34
91 142 94 144
92 56 94 59
169 148 170 153
15 75 15 86
87 29 92 30
169 179 172 181
58 31 60 34
193 186 194 191
175 133 176 138
150 54 150 65
72 20 74 23
33 29 35 32
30 208 41 208
91 209 96 210
33 147 44 147
145 41 148 43
69 40 72 42
14 56 17 58
192 153 194 156
136 207 141 208
144 58 147 60
32 143 43 143
147 71 152 72
105 146 116 146
28 22 29 27
67 137 69 140
115 164 118 166
112 72 115 74
93 103 95 106
103 7 105 10
21 230 24 232
79 108 79 119
68 73 71 75
36 12 41 13
42 79 47 80
186 19 187 24
168 227 169 232
113 42 124 42
11 101 14 103
35 148 36 153
64 164 69 165
135 167 135 178
147 48 158 48
10 43 11 48
29 96 30 101
152 194 152 205
110 29 121 29
40 52 43 54
61 146 63 149
18 79 19 84
99 176 110 176
185 151 188 153
175 117 180 118
25 70 28 72
103 184 104 189
28 166 30 169
106 190 106 201
154 121 154 132
191 27 196 28
2 93 3 98
70 211 71 216
77 234 78 239
180 126 183 128
52 33 57 34
86 158 91 159
141 43 143 46
79 87 81 90
158 242 159 247
29 141 30 146
95 52 98 54
24 29 26 32
76 136 79 138
139 147 139 158
150 155 151 160
130 109 133 111
171 122 171 133
57 152 59 155
185 238 187 241
36 25 38 28
192 53 197 54
99 225 99 236
83 167 85 170
84 207 87 209
128 161 131 163
95 126 98 128
138 77 140 80
42 148 43 153
1 21 1 32
188 85 188 96
147 168 158 168
158 52 160 55
147 3 147 14
92 96 92 107
111 120 111 131
156 92 161 93
194 4 196 7
125 10 127 13
74 69 75 74
28 125 39 125
132 239 143 239
68 209 73 210
76 119 76 130
15 148 20 149
186 139 187 144
62 248 67 249
127 136 127 147
17 103 18 108
55 191 56 196
160 246 162 249
71 237 73 240
7 194 12 195
176 111 177 116
124 57 129 58
19 38 24 39
187 154 187 165
53 63 64 63
174 95 177 97
166 245 177 245
186 191 187 196
103 208 104 213
186 179 188 182
12 38 14 41
79 0 80 5
12 64 23 64
17 209 17 220
16 70 17 75
131 153 134 155
54 239 57 241
47 63 52 64
176 165 177 170
94 159 99 160
150 135 152 138
155 155 160 156
2 235 3 240
159 134 159 145
142 192 143 197
118 178 119 183
137 93 140 95
17 198 19 201
66 15 66 26
53 234 56 236
139 15 144 16
55 93 55 104
116 171 118 174
155 36 166 36
50 129 55 130
85 148 96 148
31 227 31 238
176 103 177 108
184 3 187 5
154 14 156 17
173 112 175 115
10 92 13 94
158 0 158 11
65 95 67 98
116 116 117 121
51 230 54 232
4 198 4 209
29 74 34 75
3 167 8 168
169 212 180 212
67 173 69 176
136 44 136 55
171 147 171 158
131 21 133 24
139 18 140 23
7 161 9 164
166 23 169 25
110 243 113 245
3 190 3 201
171 198 176 199
75 120 75 131
124 152 126 155
12 98 17 99
125 219 128 221
57 223 58 228
110 54 115 55
44 11 46 14
194 232 196 235
174 173 185 173
178 193 180 196
120 114 123 116
189 203 191 206
124 111 124 122
49 177 54 178
18 130 19 135
32 105 32 116
110 160 115 161
170 200 171 205
63 152 64 157
144 226 146 229
85 128 90 129
1 244 4 246
99 216 101 219
111 196 112 201
104 73 105 78
167 221 178 221
125 125 126 130
92 130 103 130
7 211 10 213
113 156 116 158
66 102 69 104
83 123 86 125
110 181 112 184
107 112 108 117
154 79 165 79
78 180 83 181
2 61 4 64
32 76 33 81
167 27 172 28
183 170 186 172
69 227 69 238
158 65 160 68
5 88 16 88
62 9 62 20
94 191 95 196
3 242 14 242
142 149 143 154
197 173 199 176
75 64 77 67
17 16 28 16
164 150 167 152
160 31 171 31
194 95 199 96
65 53 66 58
110 106 111 111
90 170 92 173
152 186 154 189
26 230 27 235
169 55 169 66
96 79 99 81
12 176 14 179
119 95 119 106
180 230 185 231
75 95 75 106
79 92 84 93
118 80 119 85
32 187 43 187
53 116 53 127
7 196 7 207
21 138 24 140
92 230 97 231
94 81 94 92
79 55 81 58
90 198 90 209
4 239 9 240
150 241 161 241
44 234 44 245
135 248 140 249
154 211 165 211
96 120 101 121
145 196 145 207
120 211 120 222
64 198 69 199
141 98 142 103
122 185 125 187
79 102 81 105
68 16 68 27
64 36 75 36
114 62 119 63
96 183 97 188
51 107 52 112
157 103 160 105
108 241 113 242
89 77 92 79
117 230 119 233
106 79 107 84
168 52 173 53
31 172 42 172
126 32 127 37
68 243 73 244
153 20 156 22
184 44 184 55
28 47 31 49
124 225 127 227
35 8 40 9
172 158 183 158
6 3 17 3
100 67 100 78
25 126 27 129
58 81 69 81
22 184 24 187
140 182 151 182
33 21 34 26
23 191 34 191
195 109 198 111
161 138 162 143
168 19 179 19
58 84 60 87
150 46 161 46
31 137 33 140
136 181 137 186
110 204 112 207
48 42 51 44
57 146 60 148
140 215 145 216
82 130 87 131
164 125 166 128
4 72 9 73
85 155 96 155
58 234 58 245
33 126 44 126
114 110 117 112
96 26 96 37
49 94 49 105
183 15 184 20
71 246 76 247
77 123 82 124
140 130 151 130
111 151 112 156
155 103 156 108
180 93 180 104
21 67 22 72
122 209 125 211
115 249 126 249
38 158 38 169
86 73 91 74
68 8 71 10
41 161 42 166
132 88 143 88
119 188 120 193
146 22 148 25
89 241 94 242
158 217 159 222
135 64 146 64
0 160 0 171
198 203 199 208
196 20 199 22
126 243 127 248
183 60 194 60
83 132 94 132
40 184 45 185
116 54 121 55
105 152 106 157
183 186 183 197
90 164 101 164
72 138 74 141
155 64 155 75
150 87 150 98
24 73 24 84
132 229 137 230
72 95 72 106
161 100 161 111
77 27 88 27
160 146 161 151
102 226 107 227
166 18 177 18
162 219 165 221
166 45 167 50
148 74 148 85
39 66 41 69
46 131 48 134
70 2 75 3
168 110 169 115
35 219 36 224
175 215 180 216
21 95 24 97
3 56 5 59
125 73 125 84
149 228 150 233
7 4 12 5
38 41 39 46
62 236 63 241
17 24 22 25
173 150 176 152
47 204 47 215
108 164 111 166
62 99 65 101
153 37 158 38
86 228 86 239
47 137 50 139
187 170 190 172
102 51 103 56
184 105 189 106
119 120 121 123
53 37 55 40
105 2 116 2
181 232 186 233
47 231 48 236
186 65 187 70
73 41 76 43
116 218 118 221
177 62 188 62
193 134 198 135
47 183 58 183
192 127 197 128
60 22 61 27
165 168 167 171
20 131 22 134
191 157 193 160
119 8 122 10
163 2 166 4
98 66 98 77
111 217 113 220
90 245 92 248
182 73 187 74
71 132 82 132
122 18 123 23
135 40 135 51
83 0 94 0
57 192 57 203
179 148 184 149
134 115 137 117
134 186 134 197
175 235 180 236
75 210 76 215
165 95 167 98
102 134 103 139
16 116 17 121
85 210 87 213
11 165 12 170
189 5 191 8
48 223 50 226
100 18 102 21
14 112 14 123
129 172 132 174
155 127 155 138
51 216 52 221
153 4 154 9
148 111 159 111
64 145 65 150
5 39 7 42
160 167 162 170
33 162 35 165
84 18 95 18
35 245 40 246
21 45 22 50
171 65 172 70
33 242 38 243
52 205 53 210
31 96 36 97
171 229 173 232
199 127 199 138
14 8 16 11
0 243 11 243
105 229 107 232
110 22 111 27
35 73 37 76
100 40 103 42
65 92 70 93
66 166 68 169
103 235 106 237
64 162 69 163
47 32 49 35
61 124 61 135
108 11 109 16
62 143 67 144
82 106 82 117
17 144 20 146
177 39 177 50
0 209 3 211
190 16 195 17
71 93 71 104
109 73 109 84
94 199 99 200
133 8 138 9
23 130 25 133
119 45 130 45
68 179 68 190
138 68 143 69
15 192 17 195
57 66 60 68
75 146 80 147
187 118 189 121
179 130 181 133
136 172 137 177
19 99 22 101
45 23 50 24
159 117 160 122
70 192 70 203
139 160 141 163
0 178 0 189
151 216 156 217
138 32 140 35
85 221 87 224
155 176 166 176
145 235 145 246
12 21 12 32
104 51 109 52
7 157 9 160
67 48 72 49
185 219 196 219
167 206 178 206
76 51 81 52
185 108 196 108
130 68 135 69
186 53 187 58
178 137 181 139
122 231 125 233
94 63 97 65
155 119 157 122
159 76 170 76
159 172 162 174
184 113 186 116
147 226 158 226
64 202 66 205
188 125 199 125
146 91 149 93
96 3 96 14
0 232 1 237
182 204 187 205
66 8 67 13
113 84 114 89
184 213 189 214
49 191 54 192
123 224 134 224
127 78 129 81
13 235 15 238
191 236 196 237
21 33 32 33
1 226 12 226
117 197 120 199
37 193 39 196
75 173 76 178
51 195 54 197
7 171 7 182
34 225 34 236
193 9 196 11
93 38 104 38
46 85 57 85
112 102 115 104
95 207 100 208
160 188 163 190
99 193 100 198
181 51 182 56
146 46 146 57
163 230 163 241
150 43 161 43
59 222 62 224
163 83 163 94
176 77 179 79
29 53 29 64
23 136 34 136
30 173 32 176
66 110 71 111
15 247 26 247
174 146 185 146
43 195 45 198
123 196 128 197
10 57 13 59
90 180 93 182
122 59 133 59
20 106 23 108
121 60 124 62
145 103 148 105
179 205 181 208
22 18 27 19
112 123 117 124
58 119 61 121
12 220 15 222
104 133 109 134
43 1 48 2
10 98 10 109
15 116 15 127
67 213 68 218
24 205 35 205
30 218 30 229
138 200 143 201
170 218 173 220
16 183 17 188
24 166 26 169
186 84 186 95
158 197 161 199
118 125 121 127
13 190 14 195
184 195 185 200
82 50 85 52
43 3 44 8
113 198 113 209
171 38 172 43
55 111 58 113
30 36 32 39
187 147 190 149
38 100 43 101
166 200 167 205
145 163 150 164
44 32 44 43
186 184 189 186
166 182 169 184
39 215 39 226
145 1 145 12
188 141 190 144
71 229 73 232
42 155 53 155
175 57 176 62
120 225 123 227
28 158 29 163
68 91 79 91
12 108 13 113
198 63 199 68
81 223 82 228
31 199 33 202
164 157 169 158
63 5 66 7
76 23 81 24
125 98 128 100
77 189 80 191
42 104 43 109
149 220 154 221
116 44 118 47
21 220 23 223
94 69 95 74
91 205 93 208
147 204 147 215
137 143 140 145
64 110 65 115
29 110 31 113
130 213 133 215
69 88 72 90
30 51 30 62
109 96 109 107
135 90 140 91
133 122 144 122
181 216 184 218
17 222 17 233
0 44 2 47
36 2 37 7
185 12 190 13
129 204 134 205
142 131 144 134
63 173 65 176
73 45 75 48
196 158 197 163
45 229 50 230
191 192 192 197
56 156 61 157
103 13 105 16
119 145 121 148
108 35 119 35
64 244 66 247
85 104 88 106
191 48 196 49
30 156 35 157
171 167 172 172
164 238 166 241
91 111 91 122
35 56 38 58
130 31 135 32
106 89 107 94
131 95 132 100
60 211 62 214
145 40 156 40
51 233 51 244
68 129 71 131
27 208 27 219
172 35 175 37
174 51 175 56
157 17 162 18
178 220 189 220
42 203 42 214
149 207 152 209
173 89 174 94
189 174 191 177
53 41 64 41
21 112 26 113
110 69 111 74
8 45 8 56
51 25 53 28
136 240 137 245
143 203 143 214
7 147 9 150
87 231 90 233
196 187 197 192
20 116 31 116
92 6 93 11
188 228 191 230
121 175 122 180
98 87 100 90
178 13 183 14
17 132 17 143
90 80 93 82
72 11 77 12
120 229 131 229
42 226 47 227
89 213 100 213
114 132 114 143
83 218 88 219
50 187 53 189
166 83 177 83
21 65 32 65
70 159 75 160
111 236 113 239
189 90 190 95
162 81 162 92
32 249 43 249
197 141 198 146
104 39 109 40
125 112 136 112
57 51 60 53
108 150 108 161
35 226 36 231
159 182 161 185
42 200 53 200
136 127 136 138
171 10 172 15
58 246 60 249
5 65 6 70
32 49 37 50
4 9 5 14
113 65 118 66
18 57 23 58
61 42 64 44
72 179 75 181
5 218 8 220
38 85 39 90
78 64 80 67
68 239 70 242
25 179 26 184
110 30 112 33
64 191 66 194
198 180 198 191
28 174 28 185
183 46 183 57
75 195 75 206
104 117 104 128
109 125 110 130
108 171 111 173
128 125 139 125
97 244 98 249
105 121 107 124
138 230 141 232
157 152 160 154
129 63 129 74
188 237 188 248
173 72 184 72
77 100 88 100
32 84 33 89
34 203 39 204
73 80 78 81
44 165 49 166
106 107 108 110
142 113 145 115
184 40 187 42
31 54 36 55
51 49 52 54
32 3 32 14
94 145 97 147
113 153 118 154
111 15 116 16
26 51 26 62
107 18 107 29
9 204 10 209
194 163 194 174
190 165 192 168
145 76 147 79
23 206 26 208
66 41 67 46
103 48 106 50
128 42 131 44
122 92 123 97
193 210 195 213
82 21 84 24
52 105 63 105
27 221 28 226
38 103 38 114
5 232 16 232
63 18 63 29
15 173 15 184
20 11 23 13
149 143 149 154
134 58 139 59
39 22 44 23
152 96 155 98
168 188 168 199
52 142 52 153
67 122 72 123
147 225 158 225
138 221 140 224
179 5 182 7
141 217 146 218
109 167 112 169
140 56 143 58
178 37 180 40
93 40 98 41
126 199 127 204
45 3 46 8
162 73 167 74
78 47 81 49
171 174 176 175
198 33 198 44
8 0 13 1
121 136 122 141
139 140 150 140
60 71 71 71
26 77 27 82
18 59 20 62
56 14 61 15
115 147 118 149
11 51 14 53
162 244 173 244
47 177 48 182
8 129 8 140
7 74 10 76
141 219 152 219
36 145 47 145
19 2 22 4
135 150 135 161
175 10 180 11
107 204 109 207
1 74 6 75
76 200 81 201
62 191 63 196
177 75 182 76
168 1 168 12
111 94 112 99
109 193 110 198
162 193 163 198
62 180 63 185
55 7 55 18
59 60 64 61
176 64 187 64
76 106 81 107
157 212 162 213
118 21 121 23
51 74 62 74
114 69 125 69
147 115 150 117
139 136 142 138
59 96 61 99
130 187 131 192
149 4 150 9
64 59 75 59
50 169 51 174
161 50 161 61
69 142 74 143
148 120 151 122
104 90 105 95
89 63 90 68
166 247 171 248
80 114 81 119
135 84 137 87
155 196 155 207
129 91 130 96
192 64 193 69
0 36 2 39
8 57 9 62
94 43 99 44
191 117 196 118
110 17 113 19
182 165 184 168
36 160 37 165
110 47 111 52
157 144 158 149
175 126 176 131
84 69 89 70
82 94 93 94
126 160 126 171
6 114 6 125
181 112 183 115
47 41 47 52
129 188 129 199
31 141 36 142
145 32 156 32
169 8 174 9
196 42 197 47
52 79 55 81
154 146 156 149
154 54 155 59
187 32 192 33
58 209 59 214
12 155 14 158
114 239 125 239
11 60 13 63
25 39 26 44
13 13 13 24
7 34 18 34
167 136 167 147
29 177 31 180
2 156 3 161
45 31 46 36
30 131 33 133
101 189 102 194
76 25 76 36
1 1 1 12
100 170 105 171
18 191 19 196
178 198 180 201
141 76 142 81
182 247 187 248
190 217 195 218
136 190 141 191
164 37 167 39
182 26 184 29
32 0 37 1
193 131 196 133
6 27 8 30
129 83 134 84
163 64 168 65
5 194 6 199
113 91 114 96
92 232 94 235
47 59 52 60
26 216 26 227
8 94 8 105
66 217 66 228
43 188 44 193
184 182 185 187
47 61 52 62
160 131 165 132
53 135 55 138
179 222 179 233
184 78 185 83
31 209 34 211
61 206 64 208
44 15 46 18
126 73 128 76
127 52 130 54
171 20 173 23
5 249 16 249
98 202 109 202
120 85 125 86
134 38 145 38
155 245 157 248
135 65 146 65
78 94 80 97
115 140 118 142
103 149 104 154
11 79 14 81
94 108 97 110
88 4 89 9
152 75 152 86
126 7 137 7
18 42 18 53
123 200 124 205
60 192 60 203
145 124 148 126
99 144 100 149
77 74 79 77
35 186 46 186
4 87 4 98
132 37 143 37
187 109 192 110
147 188 148 193
24 237 26 240
147 155 148 160
7 6 8 11
42 69 45 71
128 145 128 156
48 12 51 14
10 198 12 201
115 7 118 9
9 124 14 125
158 34 169 34
42 133 44 136
25 102 26 107
82 76 84 79
62 125 63 130
89 167 92 169
190 76 192 79
182 107 184 110
28 8 31 10
113 128 124 128
54 146 54 157
6 141 6 152
104 177 109 178
51 15 53 18
156 166 167 166
181 78 183 81
164 43 164 54
71 187 72 192
73 114 76 116
125 18 128 20
152 113 152 124
24 195 29 196
182 243 187 244
186 37 189 39
179 89 182 91
183 174 183 185
131 169 134 171
187 221 187 232
178 23 181 25
95 240 97 243
90 31 93 33
67 37 72 38
57 103 62 104
43 162 46 164
6 173 6 184
189 73 189 84
35 18 36 23
63 45 64 50
69 32 72 34
10 89 13 91
80 14 91 14
154 228 165 228
93 61 98 62
77 224 80 226
63 3 68 4
153 160 156 162
129 208 131 211
25 73 27 76
141 39 144 41
22 117 24 120
81 7 83 10
137 146 137 157
97 169 97 180
19 86 22 88
117 129 122 130
3 171 5 174
129 114 131 117
169 100 171 103
24 28 35 28
36 93 47 93
67 18 67 29
157 64 157 75
106 56 109 58
164 78 175 78
165 107 168 109
143 173 146 175
79 39 82 41
71 53 73 56
101 34 103 37
16 165 19 167
130 165 133 167
27 117 32 118
40 130 43 132
190 135 191 140
174 238 177 240
175 159 186 159
51 185 56 186
199 26 199 37
115 131 117 134
172 121 174 124
46 148 47 153
86 53 87 58
58 94 69 94
130 217 131 222
27 94 28 99
102 2 102 13
65 223 65 234
164 134 164 145
49 194 50 199
78 202 80 205
145 26 146 31
25 109 28 111
139 86 144 87
55 209 55 220
25 90 28 92
105 103 108 105
18 37 29 37
44 203 45 208
193 167 193 178
19 153 22 155
35 99 46 99
21 209 26 210
140 174 142 177
132 232 137 233
130 107 141 107
3 225 14 225
6 89 6 100
158 44 163 45
65 60 66 65
71 220 72 225
88 141 89 146
59 235 60 240
100 108 105 109
146 131 151 132
51 136 51 147
138 211 139 216
98 180 98 191
107 5 118 5
2 17 4 20
53 55 64 55
109 114 111 117
2 247 7 248
149 238 149 249
69 20 69 31
112 27 117 28
96 135 98 138
10 6 13 8
161 1 162 6
49 205 50 210
104 130 107 132
150 195 150 206
119 211 119 222
2 185 2 196
141 92 144 94
59 217 62 219
7 68 12 69
70 84 81 84
129 25 132 27
36 112 36 123
129 9 130 14
93 67 93 78
88 57 89 62
74 153 77 155
52 5 53 10
108 208 108 219
29 225 29 236
93 172 96 174
30 135 41 135
130 142 131 147
179 245 181 248
123 5 134 5
194 112 199 113
33 59 38 60
98 173 103 174
77 19 88 19
184 130 184 141
188 207 193 208
174 67 176 70
38 17 40 20
78 29 79 34
98 25 98 36
169 211 180 211
49 123 51 126
113 48 118 49
175 80 178 82
37 232 38 237
107 147 112 148
152 101 157 102
37 128 39 131
78 179 89 179
101 85 103 88
116 76 118 79
167 235 168 240
93 165 104 165
3 38 4 43
34 68 37 70
72 198 74 201
84 244 85 249
162 108 162 119
71 112 76 113
84 175 87 177
112 235 123 235
162 55 164 58
124 89 135 89
15 23 16 28
9 11 10 16
169 188 174 189
190 38 192 41
7 66 12 67
108 225 110 228
155 221 157 224
17 113 20 115
0 136 1 141
176 89 178 92
175 226 177 229
142 123 143 128
94 19 96 22
134 93 134 104
91 46 102 46
17 4 17 15
45 100 45 111
48 117 48 128
177 154 182 155
79 68 82 70
151 163 162 163
0 77 1 82
87 107 87 118
114 167 116 170
190 96 192 99
7 17 12 18
114 223 117 225
30 69 32 72
63 82 66 84
125 94 127 97
167 88 172 89
92 218 97 219
131 244 134 246
73 61 76 63
37 209 38 214
153 200 153 211
85 186 87 189
150 176 153 178
64 20 65 25
9 35 11 38
159 95 160 100
84 1 89 2
116 72 119 74
197 150 198 155
45 118 45 129
58 2 60 5
48 66 51 68
136 0 138 3
20 237 23 239
187 97 188 102
148 49 148 60
33 115 35 118
114 184 125 184
170 230 170 241
161 64 161 75
80 74 85 75
166 57 167 62
48 89 48 100
132 73 134 76
5 100 5 111
53 221 64 221
36 189 39 191
135 118 140 119
162 225 173 225
65 76 70 77
64 72 67 74
40 170 45 171
90 48 90 59
32 101 34 104
131 135 133 138
118 200 121 202
100 224 101 229
113 230 116 232
138 24 140 27
107 189 110 191
102 60 103 65
69 52 70 57
148 11 153 12
103 114 106 116
18 222 19 227
76 5 77 10
15 198 16 203
25 149 28 151
3 133 6 135
192 19 193 24
177 119 177 130
180 156 185 157
23 147 24 152
14 90 16 93
9 187 12 189
66 170 69 172
187 26 190 28
15 155 16 160
60 225 61 230
82 211 84 214
85 34 85 45
23 189 34 189
192 56 194 59
69 17 74 18
30 91 35 92
180 143 183 145
139 225 142 227
69 106 71 109
150 243 155 244
194 136 196 139
123 142 124 147
20 176 20 187
169 166 170 171
156 127 159 129
68 14 73 15
82 165 87 166
13 243 24 243
135 70 135 81
172 162 177 163
166 161 169 163
194 243 197 245
58 187 59 192
88 173 89 178
134 225 137 227
12 145 13 150
165 134 165 145
56 115 58 118
83 204 86 206
6 13 8 16
21 203 22 208
3 65 4 70
30 127 32 130
164 10 167 12
49 82 52 84
125 60 128 62
1 117 4 119
105 144 110 145
17 67 20 69
96 56 101 57
15 169 18 171
116 199 116 210
44 56 47 58
162 148 162 159
43 206 43 217
179 43 180 48
195 119 198 121
64 123 64 134
172 74 174 77
44 172 44 183
145 184 145 195
125 49 130 50
15 51 17 54
157 207 168 207
111 40 116 41
80 238 81 243
78 172 79 177
112 26 123 26
116 178 117 183
181 61 192 61
65 8 65 19
22 245 27 246
100 44 111 44
175 21 180 22
145 176 147 179
17 172 18 177
115 237 120 238
134 14 137 16
41 30 43 33
67 206 70 208
147 134 149 137
115 191 117 194
39 81 41 84
96 95 98 98
197 210 197 221
50 20 61 20
112 77 114 80
124 22 127 24
75 37 78 39
82 66 87 67
136 28 138 31
112 221 113 226
186 29 189 31
86 181 88 184
80 44 83 46
82 126 87 127
32 215 37 216
105 67 110 68
132 180 135 182
92 48 94 51
63 137 65 140
160 37 161 42
136 120 141 121
10 161 10 172
103 71 103 82
65 152 66 157
121 151 121 162
106 246 109 248
39 241 42 243
124 133 126 136
129 126 140 126
165 184 165 195
51 175 56 176
86 22 88 25
62 167 65 169
128 240 133 241
188 122 191 124
16 110 21 111
20 213 20 224
143 74 143 85
163 216 166 218
87 236 87 247
154 183 157 185
177 190 177 201
145 83 146 88
130 16 132 19
89 36 92 38
51 69 53 72
60 37 62 40
127 102 130 104
124 159 125 164
30 78 31 83
155 193 160 194
177 182 180 184
94 116 94 127
89 183 90 188
123 106 125 109
126 213 128 216
124 167 124 178
194 84 195 89
69 118 71 121
72 182 77 183
77 139 88 139
142 155 143 160
3 136 6 138
24 0 25 5
4 77 9 78
133 11 136 13
94 202 96 205
1 99 4 101
85 190 87 193
112 132 113 137
113 13 124 13
105 141 108 143
26 152 29 154
39 48 44 49
177 135 182 136
156 51 156 62
76 219 81 220
39 162 40 167
89 151 92 153
100 209 102 212
21 121 22 126
187 114 190 116
57 125 59 128
180 34 191 34
54 169 55 174
99 12 99 23
83 227 84 232
188 48 189 53
88 40 90 43
157 30 168 30
170 120 170 131
39 176 41 179
195 192 195 203
4 23 5 28
141 22 141 33
76 161 79 163
5 241 16 241
65 117 68 119
17 77 22 78
9 54 14 55
149 124 150 129
35 136 40 137
184 117 186 120
74 244 79 245
17 153 18 158
111 0 122 0
46 108 46 119
48 185 48 196
0 58 0 69
98 4 100 7
78 171 89 171
174 1 179 2
197 0 199 3
39 113 40 118
135 211 135 222
180 237 181 242
48 76 53 77
117 204 119 207
2 21 7 22
67 147 69 150
34 132 39 133
35 176 36 181
101 110 103 113
68 219 70 222
147 172 149 175
9 127 9 138
149 186 149 197
138 165 138 176
113 21 115 24
45 87 50 88
18 21 21 23
34 107 35 112
141 104 144 106
30 243 32 246
9 24 11 27
172 153 174 156
11 204 16 205
22 26 27 27
97 48 100 50
170 184 175 185
182 223 185 225
68 67 70 70
74 235 76 238
4 126 5 131
185 135 188 137
86 107 86 118
109 21 109 32
92 112 92 123
186 130 189 132
151 77 151 88
65 30 67 33
39 95 42 97
49 245 52 247
137 210 137 221
91 239 102 239
120 91 121 96
139 178 139 189
49 36 60 36
45 167 50 168
52 131 54 134
57 142 60 144
48 201 51 203
40 57 43 59
48 216 49 221
182 209 183 214
102 228 103 233
25 200 30 201
118 31 129 31
30 124 41 124
116 56 121 57
1 85 2 90
179 66 184 67
98 63 101 65
152 142 157 143
12 214 14 217
34 201 39 202
3 32 4 37
90 175 95 176
83 81 85 84
160 177 163 179
7 45 7 56
121 192 122 197
109 7 114 8
198 57 199 62
84 150 86 153
73 99 73 110
148 35 150 38
169 176 180 176
192 115 197 116
125 182 130 183
86 196 91 197
197 90 199 93
121 188 123 191
123 33 124 38
93 191 93 202
169 135 171 138
131 78 133 81
90 116 90 127
77 59 79 62
100 185 102 188
78 99 89 99
135 204 138 206
113 172 115 175
132 131 135 133
190 185 190 196
119 132 121 135
39 77 41 80
84 172 87 174
32 224 32 235
115 209 115 220
103 179 105 182
150 144 152 147
120 64 125 65
171 112 172 117
155 85 156 90
118 241 120 244
103 21 105 24
166 227 167 232
9 41 9 52
189 178 190 183
151 232 152 237
186 45 189 47
52 243 57 244
195 160 195 171
140 165 141 170
23 66 34 66
78 215 80 218
92 15 95 17
189 245 191 248
109 149 114 150
122 216 124 219
186 63 197 63
51 181 56 182
74 86 85 86
10 128 21 128
199 160 199 171
13 25 14 30
145 68 150 69
152 92 154 95
173 13 175 16
9 96 20 96
140 193 141 198
10 130 15 131
56 217 58 220
3 148 5 151
8 190 10 193
77 221 82 222
52 65 54 68
41 115 43 118
22 34 33 34
66 175 66 186
81 157 84 159
33 71 38 72
8 142 13 143
90 133 90 144
138 111 141 113
82 120 87 121
116 175 119 177
27 15 38 15
58 175 61 177
179 119 181 122
13 211 16 213
59 162 62 164
13 198 14 203
140 96 145 97
170 54 173 56
173 60 173 71
137 98 138 103
163 100 166 102
72 4 74 7
110 62 113 64
158 214 163 215
167 208 168 213
124 190 126 193
164 242 175 242
72 0 77 1
137 89 148 89
3 0 4 5
171 0 173 3
93 216 98 217
191 181 192 186
89 211 94 212
1 154 1 165
52 163 53 168
31 158 32 163
38 197 40 200
90 1 91 6
7 121 10 123
4 213 6 216
1 52 4 54
132 51 133 56
35 35 40 36
39 105 40 110
116 94 118 97
190 104 193 106
109 232 110 237
6 201 6 212
93 243 94 248
106 136 108 139
85 59 86 64
22 21 25 23
44 81 46 84
130 60 132 63
22 158 23 163
102 244 104 247
129 129 134 130
159 10 160 15
4 188 7 190
45 43 45 54
55 75 60 76
176 52 178 55
131 247 134 249
123 179 126 181
170 107 170 118
127 234 129 237
101 177 102 182
101 132 101 143
152 238 155 240
27 170 32 171
0 146 0 157
95 149 98 151
151 29 156 30
14 60 16 63
19 204 19 215
162 13 165 15
184 201 189 202
67 63 69 66
45 143 50 144
10 116 13 118
14 20 25 20
61 188 64 190
18 117 21 119
173 141 178 142
97 16 98 21
169 192 171 195
114 17 117 19
117 169 122 170
172 193 175 195
100 126 103 128
147 198 149 201
122 66 127 67
146 4 146 15
189 239 191 242
197 7 199 10
156 124 161 125
131 149 134 151
67 231 67 242
29 212 30 217
163 150 163 161
40 235 43 237
58 42 60 45
55 69 66 69
43 95 45 98
63 37 65 40
61 83 62 88
190 198 192 201
135 246 140 247
130 194 131 199
89 83 92 85
126 87 131 88
88 157 99 157
30 152 33 154
130 234 133 236
167 125 168 130
168 144 171 146
33 221 33 232
46 201 46 212
133 36 144 36
14 17 19 18
197 71 199 74
108 90 109 95
173 84 176 86
53 141 53 152
69 184 72 186
28 11 30 14
194 66 195 71
46 29 51 30
27 54 28 59
34 52 39 53
165 121 168 123
162 208 165 210
196 98 198 101
56 79 57 84
99 94 101 97
41 91 46 92
160 219 161 224
191 101 194 103
73 28 74 33
110 210 113 212
184 7 186 10
192 34 195 36
47 172 49 175
70 24 71 29
189 151 191 154
42 27 47 28
152 88 154 91
86 6 87 11
47 38 50 40
123 207 128 208
152 47 163 47
98 241 103 242
40 219 41 224
112 177 114 180
61 158 72 158
157 165 168 165
3 175 3 186
174 41 176 44
133 202 144 202
54 4 54 15
29 93 34 94
179 110 180 115
199 41 199 52
95 122 98 124
5 155 6 160
135 18 135 29
178 222 178 233
78 128 83 129
167 87 178 87
127 118 130 120
98 109 99 114
59 106 60 111
184 174 185 179
112 114 114 117
83 160 85 163
142 34 153 34
132 44 133 49
97 100 98 105
52 114 52 125
57 130 59 133
111 213 113 216
40 74 43 76
22 166 23 171
115 85 117 88
145 127 148 129
168 46 171 48
144 203 144 214
192 241 193 246
190 48 190 59
39 0 41 3
105 183 108 185
100 199 103 201
87 227 90 229
139 243 144 244
129 228 140 228
173 222 176 224
57 204 62 205
56 106 58 109
119 39 130 39
147 236 147 247
46 236 46 247
52 99 53 104
19 248 24 249
178 26 181 28
40 232 43 234
82 33 84 36
108 18 108 29
188 222 189 227
193 183 196 185
107 9 112 10
78 71 83 72
151 60 152 65
180 16 182 19
61 91 64 93
104 162 115 162
126 123 131 124
142 165 143 170
0 109 0 120
172 203 177 204
165 71 170 72
194 24 199 25
137 109 142 110
66 86 67 91
71 233 82 233
157 132 158 137
114 59 117 61
20 5 21 10
79 193 82 195
147 39 158 39
68 204 73 205
48 214 53 215
166 185 166 196
20 90 23 92
84 37 84 48
108 78 108 89
25 95 26 100
95 83 97 86
173 129 174 134
168 38 169 43
193 247 196 249
152 229 155 231
183 226 186 228
86 86 87 91
0 123 5 124
34 39 35 44
193 146 196 148
152 44 157 45
144 185 144 196
52 29 54 32
144 141 149 142
148 96 149 101
26 9 27 14
35 238 40 239
188 156 188 167
128 165 129 170
121 107 122 112
185 93 185 104
188 73 188 84
115 228 126 228
57 178 59 181
116 136 119 138
61 244 63 247
137 158 137 169
33 174 38 175
103 156 104 161
187 9 190 11
167 177 172 178
15 0 18 2
115 51 118 53
117 89 119 92
72 161 72 172
88 237 93 238
56 170 58 173
93 161 98 162
99 67 99 78
141 224 152 224
151 105 153 108
132 194 133 199
31 40 33 43
88 91 93 92
55 23 56 28
50 159 51 164
177 30 182 31
153 124 153 135
33 206 38 207
7 214 10 216
0 228 2 231
151 190 153 193
73 212 74 217
150 151 153 153
168 93 170 96
77 157 79 160
197 197 198 202
37 104 37 115
72 125 74 128
56 159 67 159
119 46 122 48
33 181 34 186
56 167 61 168
96 91 101 92
187 233 189 236
99 103 101 106
147 61 149 64
194 104 197 106
105 100 108 102
127 29 132 30
159 235 162 237
69 144 80 144
173 147 178 148
41 25 46 26
1 113 3 116
168 98 173 99
153 234 158 235
190 162 193 164
99 132 100 137
64 177 65 182
120 151 120 162
121 71 126 72
105 4 116 4
47 119 47 130
54 44 57 46
165 172 170 173
31 213 31 224
116 6 127 6
36 87 37 92
146 112 151 113
112 42 112 53
37 64 42 65
137 43 138 48
152 49 157 50
67 78 72 79
131 9 132 14
110 137 111 142
194 224 195 229
181 188 182 193
188 20 190 23
197 85 199 88
135 62 140 63
109 1 120 1
61 66 64 68
27 157 27 168
83 112 84 117
84 28 95 28
118 112 118 123
75 53 80 54
180 49 180 60
194 140 195 145
21 173 26 174
41 110 44 112
190 129 192 132
142 143 145 145
100 10 101 15
156 198 157 203
23 213 26 215
104 34 115 34
77 110 78 115
59 79 64 80
192 214 195 216
176 217 179 219
59 46 61 49
79 140 81 143
72 133 83 133
79 196 82 198
12 43 14 46
54 124 56 127
95 221 100 222
75 20 78 22
184 125 186 128
76 102 78 105
33 3 33 14
175 6 177 9
41 157 43 160
115 245 118 247
43 63 44 68
0 193 0 204
146 143 146 154
128 177 130 180
198 240 199 245
8 174 10 177
154 177 159 178
35 167 37 170
92 138 95 140
120 99 123 101
122 240 123 245
84 194 89 195
62 198 63 203
90 98 91 103
44 213 44 224
136 155 136 166
20 194 31 194
166 116 169 118
126 106 127 111
148 210 151 212
197 227 199 230
122 121 123 126
52 91 53 96
78 187 83 188
63 214 65 217
53 246 56 248
159 226 164 227
178 8 183 9
178 160 183 161
143 61 146 63
36 100 36 111
164 26 166 29
86 15 91 16
28 203 33 204
135 192 138 194
20 53 22 56
148 214 150 217
7 130 7 141
10 235 12 238
77 207 80 209
191 85 192 90
84 29 86 32
112 108 113 113
59 77 64 78
145 70 146 75
18 179 18 190
165 40 167 43
199 214 199 225
42 120 43 125
76 13 87 13
61 106 63 109
38 139 40 142
163 80 168 81
98 58 103 59
17 36 28 36
51 211 54 213
83 240 86 242
167 215 172 216
88 203 89 208
110 77 111 82
117 2 122 3
82 20 93 20
23 71 23 82
194 76 197 78
20 161 20 172
170 32 171 37
181 95 181 106
26 20 27 25
193 222 193 233
139 54 144 55
13 227 16 229
4 105 4 116
14 65 16 68
1 217 4 219
170 213 175 214
79 235 82 237
136 19 138 22
91 226 96 227
4 221 6 224
80 11 85 12
76 194 77 199
48 70 50 73
129 200 131 203
174 165 175 170
74 14 79 15
195 172 196 177
136 72 141 73
8 197 8 208
192 1 193 6
6 19 11 20
40 202 41 207
140 210 142 213
68 154 70 157
49 0 50 5
63 51 68 52
23 188 34 188
122 49 123 54
159 133 170 133
159 229 161 232
144 99 147 101
134 235 136 238
100 156 102 159
188 192 189 197
148 143 148 154
27 102 28 107
47 140 50 142
139 166 139 177
155 115 158 117
56 92 57 97
199 190 199 201
89 107 91 110
163 60 165 63
146 166 151 167
130 149 130 160
155 80 158 82
49 55 51 58
162 38 163 43
149 20 151 23
75 55 78 57
46 100 47 105
143 138 148 139
54 120 57 122
193 201 194 206
157 23 160 25
138 115 141 117
27 247 32 248
49 149 51 152
17 90 19 93
3 143 5 146
74 97 74 108
180 71 191 71
176 36 187 36
145 230 148 232
123 28 126 30
55 147 56 152
152 19 163 19
131 90 134 92
167 101 168 106
88 214 93 215
8 221 10 224
153 157 156 159
149 0 151 3
141 221 146 222
108 186 111 188
67 53 68 58
158 86 161 88
138 240 143 241
2 82 5 84
52 222 53 227
88 10 90 13
19 29 22 31
15 30 17 33
74 16 85 16
193 122 198 123
87 32 89 35
130 0 132 3
108 119 110 122
176 12 177 17
163 147 166 149
143 230 144 235
88 112 88 123
141 141 141 152
26 130 27 135
163 243 174 243
163 110 164 115
57 22 59 25
17 40 22 41
0 92 0 103
142 146 145 148
100 123 103 125
97 139 98 144
165 159 170 160
191 50 194 52
121 220 124 222
120 171 120 182
66 0 71 1
132 145 135 147
45 231 45 242
10 180 13 182
79 211 81 214
119 139 120 144
64 102 65 107
41 37 43 40
123 47 128 48
82 53 84 56
11 239 16 240
153 99 158 100
28 40 29 45
174 103 175 108
180 162 185 163
159 16 170 16
157 112 160 114
199 141 199 152
182 94 182 105
81 96 84 98
162 24 163 29
192 238 197 239
56 99 58 102
154 208 159 209
149 81 150 86
107 71 108 76
63 210 66 212
62 120 67 121
142 246 144 249
183 235 184 240
3 227 5 230
91 53 94 55
168 200 169 205
159 57 160 62
97 205 102 206
49 237 50 242
77 42 82 43
45 187 46 192
8 233 13 234
105 211 107 214
33 248 44 248
95 3 95 14
125 0 127 3
162 7 167 8
172 234 173 239
122 223 133 223
24 218 25 223
143 119 146 121
72 173 73 178
129 133 130 138
0 20 0 31
28 86 30 89
84 180 84 191
11 161 13 164
42 174 43 179
173 38 173 49
18 4 18 15
10 196 15 197
79 153 82 155
61 0 61 11
119 163 121 166
116 185 117 190
19 241 30 241
162 223 167 224
68 145 79 145
43 228 54 228
111 68 122 68
186 215 191 216
74 187 76 190
25 139 27 142
6 50 6 61
125 144 126 149
53 107 54 112
15 102 15 113
35 79 35 90
125 113 128 115
100 23 102 26
33 146 44 146
21 59 23 62
172 190 175 192
81 135 84 137
46 184 57 184
91 133 93 136
48 238 48 249
107 149 107 160
104 79 105 84
20 200 20 211
75 248 80 249
137 132 138 137
81 63 84 65
187 82 187 93
14 12 16 15
82 215 85 217
168 186 173 187
170 226 173 228
156 130 156 141
95 117 100 118
114 195 119 196
124 15 129 16
164 233 169 234
107 193 108 198
99 177 99 188
20 192 31 192
159 2 160 7
142 33 153 33
131 158 134 160
2 197 2 208
134 199 137 201
25 119 30 120
95 166 106 166
132 162 135 164
120 103 122 106
138 127 141 129
1 179 1 190
62 112 63 117
194 39 195 44
41 244 43 247
120 79 123 81
174 29 175 34
89 216 91 219
50 117 51 122
180 177 182 180
67 50 78 50
75 140 78 142
80 244 82 247
54 90 54 101
172 246 174 249
69 44 71 47
124 234 126 237
140 186 142 189
20 197 23 199
145 44 150 45
78 227 80 230
22 7 27 8
47 109 48 114
40 72 45 73
58 137 61 139
185 111 190 112
14 69 15 74
153 114 154 119
109 87 112 89
55 207 60 208
88 131 99 131
16 80 17 85
59 171 62 173
129 206 134 207
181 0 183 3
140 171 145 172
133 108 144 108
63 11 64 16
42 87 44 90
92 188 95 190
176 184 176 195
173 25 175 28
56 163 58 166
147 27 149 30
155 188 158 190
24 122 26 125
20 51 25 52
0 49 5 50
125 166 125 177
54 70 56 73
28 208 28 219
31 16 36 17
163 66 165 69
172 207 174 210
157 159 159 162
50 35 61 35
140 1 141 6
198 45 198 56
33 128 36 130
42 11 43 16
161 127 163 130
54 49 56 52
93 99 95 102
2 120 5 122
88 189 91 191
194 178 197 180
121 40 132 40
185 43 190 44
0 220 3 222
41 5 42 10
39 168 44 169
139 42 140 47
189 156 189 167
152 214 157 215
103 45 108 46
127 184 130 186
79 78 81 81
74 219 75 224
51 1 53 4
90 178 95 179
86 82 88 85
42 19 45 21
25 158 26 163
154 193 154 204
14 150 16 153
68 85 71 87
67 185 67 196
12 171 14 174
108 221 110 224
19 175 19 186
195 56 196 61
155 35 166 35
73 161 75 164
47 237 47 248
162 204 165 206
94 181 95 186
4 231 15 231
178 94 179 99
122 73 123 78
12 35 15 37
86 42 87 47
132 208 134 211
181 85 183 88
51 86 56 87
25 145 27 148
196 166 197 171
122 157 122 168
19 138 20 143
115 43 126 43
86 161 91 162
144 156 145 161
15 94 26 94
146 18 148 21
155 2 156 7
119 11 124 12
183 90 184 95
69 95 70 100
21 175 21 186
53 59 55 62
145 46 145 57
46 40 46 51
150 99 151 104
8 153 10 156
3 79 6 81
164 85 164 96
175 178 176 183
25 45 26 50
165 46 165 57
157 2 157 13
37 149 40 151
0 212 2 215
72 67 73 72
106 96 108 99
35 138 46 138
58 196 59 201
16 235 19 237
2 8 3 13
103 141 104 146
169 79 171 82
106 240 107 245
101 66 112 66
110 56 113 58
120 246 123 248
68 152 73 153
107 179 109 182
25 53 25 64
172 4 183 4
102 96 105 98
89 220 94 221
88 47 89 52
34 45 36 48
180 226 182 229
32 217 34 220
161 120 164 122
170 57 170 68
84 141 86 144
113 32 118 33
1 62 1 73
113 25 124 25
106 18 106 29
27 67 38 67
127 188 128 193
124 52 126 55
70 135 71 140
165 21 170 22
57 56 62 57
6 107 8 110
92 63 92 74
97 25 97 36
151 109 156 110
21 114 26 115
139 203 141 206
99 31 102 33
131 45 131 56
132 115 133 120
83 234 85 237
112 144 117 145
165 88 166 93
132 216 134 219
110 37 113 39
106 42 111 43
132 188 133 193
12 104 14 107
102 224 107 225
191 12 196 13
151 68 154 70
186 16 189 18
99 203 110 203
111 191 113 194
175 119 176 124
68 11 71 13
60 179 61 184
196 64 197 69
184 189 189 190
142 223 153 223
117 210 118 215
80 174 82 177
79 25 84 26
93 111 95 114
137 50 138 55
138 82 140 85
93 95 95 98
96 194 98 197
153 77 164 77
185 15 196 15
106 36 117 36
121 212 132 212
110 247 113 249
21 214 22 219
178 123 181 125
77 82 82 83
109 208 109 219
107 233 108 238
94 3 94 14
5 43 6 48
185 207 186 212
156 204 161 205
50 94 50 105
49 19 60 19
57 160 68 160
30 44 33 46
181 38 183 41
122 143 122 154
99 243 100 248
150 170 151 175
141 66 152 66
69 178 70 183
68 125 70 128
199 177 199 188
78 150 81 152
39 50 44 51
49 131 51 134
44 156 45 161
87 198 89 201
66 112 69 114
4 175 5 180
125 137 126 142
104 190 104 201
165 153 167 156
128 105 133 106
185 22 185 33
86 75 91 76
54 187 56 190
7 95 7 106
15 41 16 46
126 82 128 85
132 33 135 35
112 118 114 121
73 119 74 124
181 196 182 201
136 104 139 106
21 79 22 84
94 214 99 215
185 133 190 134
94 75 95 80
174 231 177 233
131 176 134 178
101 222 106 223
73 241 78 242
36 38 37 43
35 192 36 197
126 157 129 159
160 157 161 162
76 68 77 73
100 235 102 238
56 231 59 233
116 160 119 162
113 81 116 83
18 210 18 221
10 132 13 134
196 36 197 41
98 0 100 3
42 219 43 224
2 24 2 35
193 193 194 198
150 28 161 28
83 102 88 103
0 129 1 134
41 190 41 201
143 109 145 112
159 80 160 85
67 245 70 247
20 234 25 235
79 167 81 170
103 216 106 218
60 122 60 133
171 159 174 161
31 62 34 64
92 191 92 202
157 239 162 240
105 190 105 201
153 71 154 76
102 104 104 107
174 144 179 145
149 41 154 42
166 84 169 86
160 134 163 136
77 101 88 101
4 154 4 165
39 102 44 103
10 28 11 33
62 95 64 98
125 91 128 93
156 230 158 233
128 243 129 248
174 63 185 63
11 9 13 12
144 70 144 81
31 166 34 168
13 186 15 189
20 103 23 105
177 57 179 60
68 5 71 7
36 94 47 94
130 33 131 38
83 87 85 90
4 181 5 186
80 160 82 163
140 154 141 159
159 180 164 181
101 70 101 81
11 210 11 221
113 125 116 127
71 206 74 208
81 207 83 210
124 92 124 103
19 74 22 76
136 74 141 75
73 87 75 90
27 174 27 185
158 107 160 110
74 169 76 172
56 12 61 13
91 124 92 129
19 137 30 137
19 35 30 35
152 165 155 167
110 240 121 240
144 3 144 14
77 148 82 149
76 227 77 232
70 146 73 148
104 69 106 72
165 174 170 175
121 171 123 174
84 154 95 154
27 237 29 240
194 18 195 23
151 54 152 59
55 29 60 30
5 201 5 212
31 144 32 149
31 98 34 100
21 193 32 193
75 23 75 34
143 135 146 137
178 165 181 167
140 183 143 185
131 70 134 72
169 73 180 73
139 2 139 13
136 212 136 223
5 35 8 37
146 238 146 249
154 33 165 33
106 12 107 17
61 192 61 203
0 3 0 14
48 145 50 148
68 227 68 238
145 209 146 214
94 66 97 68
35 61 46 61
164 212 166 215
106 126 108 129
57 70 59 73
7 63 10 65
158 70 160 73
23 41 24 46
55 222 56 227
177 65 178 70
186 173 187 178
148 183 153 184
89 21 91 24
63 87 65 90
68 192 69 197
17 159 19 162
198 210 198 221
44 148 45 153
153 173 158 174
154 151 156 154
57 16 60 18
120 87 122 90
118 58 120 61
85 77 88 79
162 60 162 71
120 203 122 206
199 99 199 110
152 139 155 141
56 211 57 216
13 245 18 246
80 182 82 185
196 193 198 196
115 241 117 244
30 195 32 198
71 194 73 197
9 79 10 84
173 200 176 202
55 64 60 65
129 230 131 233
192 150 195 152
92 39 103 39
6 23 8 26
27 29 29 32
38 215 38 226
29 16 30 21
125 25 128 27
17 26 20 28
14 141 15 146
64 240 66 243
167 217 169 220
105 205 106 210
149 49 151 52
39 229 42 231
27 121 29 124
76 164 87 164
45 63 46 68
27 41 27 52
168 222 171 224
45 135 50 136
10 139 13 141
86 36 88 39
1 55 2 60
40 41 41 46
133 25 134 30
135 60 140 61
88 223 90 226
101 195 103 198
109 20 120 20
70 166 70 177
190 45 193 47
67 60 72 61
102 73 102 84
185 47 185 58
105 174 110 175
76 93 77 98
165 110 167 113
108 59 113 60
40 85 45 86
13 67 13 78
129 225 132 227
124 242 125 247
185 166 187 169
78 0 78 11
177 151 182 152
73 76 75 79
48 156 53 157
147 31 158 31
133 123 138 124
103 30 108 31
197 246 199 249
114 10 117 12
10 227 12 230
90 47 101 47
171 90 172 95
149 105 150 110
110 83 112 86
52 158 54 161
13 165 14 170
101 0 106 1
97 9 98 14
42 188 42 199
114 226 119 227
13 82 14 87
81 202 86 203
132 142 135 144
180 35 191 35
83 108 85 111
8 178 9 183
104 54 109 55
178 202 183 203
182 21 184 24
24 100 24 111
3 169 8 170
120 82 123 84
11 223 16 224
179 68 182 70
161 9 163 12
104 6 115 6
15 214 16 219
146 161 151 162
40 213 41 218
190 232 192 235
127 121 132 122
89 116 89 127
140 178 142 181
163 245 165 248
175 234 186 234
173 177 174 182
52 56 55 58
60 152 62 155
33 127 44 127
186 76 187 81
109 153 110 158
118 107 120 110
117 155 119 158
138 70 143 71
123 8 128 9
0 40 2 43
6 31 9 33
78 125 81 127
157 56 158 61
185 107 196 107
156 26 161 27
164 103 166 106
181 182 182 187
91 57 91 68
193 90 196 92
131 183 133 186
127 127 132 128
35 209 36 214
198 156 198 167
179 140 182 142
36 154 37 159
148 176 149 181
144 20 145 25
104 135 105 140
152 175 163 175
190 210 192 213
7 89 9 92
21 211 26 212
34 33 39 34
167 90 170 92
123 129 123 140
47 188 47 199
95 244 96 249
110 94 110 105
178 129 189 129
66 106 68 109
134 39 134 50
42 154 53 154
166 135 166 146
32 177 34 180
16 122 17 127
138 151 138 162
98 223 98 234
19 45 20 50
113 98 118 99
28 0 31 2
76 44 79 46
196 223 198 226
133 0 135 3
134 56 139 57
73 165 75 168
188 126 199 126
175 209 180 210
19 188 22 190
93 166 94 171
180 249 191 249
120 117 123 119
105 85 107 88
169 207 171 210
129 139 132 141
136 143 136 154
107 199 110 201
22 224 25 226
49 231 50 236
3 139 5 142
194 240 197 242
31 18 34 20
147 143 147 154
68 248 73 249
151 4 152 9
50 179 55 180
169 49 172 51
98 82 101 84
52 42 57 43
21 156 26 157
169 120 169 131
39 180 41 183
162 182 163 187
129 142 129 153
176 213 181 214
87 149 92 150
18 120 20 123
191 111 193 114
42 42 43 47
0 172 1 177
28 76 29 81
169 140 171 143
74 85 85 85
137 39 140 41
59 112 61 115
136 78 137 83
103 168 108 169
110 75 115 76
143 4 143 14
77 171 77 181
138 179 138 189
34 76 34 86
62 132 62 142
65 122 65 132
54 54 64 54
29 134 39 134
167 189 167 199
25 190 35 190
148 0 148 10
1 143 1 153
5 89 5 99
105 3 115 3
142 228 142 238
109 159 119 159
45 173 45 183
23 68 33 68
88 239 88 249
44 114 44 124
33 144 43 144
46 120 46 130
64 222 64 232
5 244 15 244
147 227 157 227
47 4 47 14
105 238 105 248
19 5 19 15
144 43 144 53
156 66 156 76
87 163 97 163
64 35 74 35
28 138 28 148
8 248 18 248
142 22 142 32
196 197 196 207
10 97 20 97
114 212 114 222
3 102 3 112
151 195 151 205
16 172 16 182
38 55 48 55
9 101 9 111
33 173 43 173
136 92 136 102
138 220 148 220
147 218 157 218
77 122 87 122
120 230 121 234
4 233 5 237
182 130 183 134
55 142 56 146
118 185 118 194
195 153 196 157
177 174 181 175
35 24 44 24
78 231 82 232
123 194 127 195
79 37 83 38
178 101 179 105
90 34 94 35
71 82 75 83
94 133 95 137
128 107 129 111
10 126 14 127
128 32 129 36
16 100 16 109
190 220 191 224
17 238 18 242
146 94 147 98
33 105 33 114
163 5 167 6
5 4 6 8
130 85 134 86
22 6 31 6
129 213 129 222
53 216 54 220
57 185 61 186
5 165 9 166
130 66 134 67
188 55 189 59
152 23 156 24
5 2 14 2
55 229 59 230
114 236 123 236
173 139 177 140
133 139 142 139
103 32 107 33
52 170 53 174
113 70 117 71
88 165 92 166
12 209 16 210
198 114 199 118
164 197 165 201
57 150 61 151
97 204 106 204
123 150 127 151
192 93 196 94
168 54 168 63
141 90 145 91
29 95 38 95
176 98 177 102
102 117 103 121
35 10 39 11
146 183 147 187
191 141 191 150
156 94 157 98
169 29 173 30
132 114 141 114
182 245 186 246
92 60 101 60
128 63 128 72
168 44 172 45
21 172 30 172
99 51 100 55
12 119 13 123
51 198 55 199
166 51 167 55
150 150 159 150
48 204 48 213
112 129 116 130
171 57 172 61
187 127 191 128
197 129 198 133
193 136 193 145
99 99 103 100
170 196 174 197
115 113 115 122
27 206 31 207
182 116 182 125
31 56 32 60
193 181 197 182
140 131 141 135
100 230 101 234
84 147 93 147
20 225 21 229
1 15 5 16
117 102 118 106
150 249 159 249
80 109 81 113
51 88 60 88
193 32 197 33
86 48 87 52
180 221 184 222
163 0 167 1
93 1 97 2
141 59 142 63
64 141 68 142
114 151 118 152
91 228 95 229
62 21 62 30
190 80 191 84
23 200 24 204
95 211 99 212
74 228 75 232
36 29 45 29
11 83 12 87
28 227 28 236
111 189 115 190
25 197 29 198
84 71 88 72
152 125 152 134
85 137 89 138
197 136 198 140
37 227 38 231
110 132 111 136
183 151 184 155
78 178 87 178
155 8 156 12
121 198 125 199
112 163 114 165
67 224 69 226
164 235 166 237
181 10 183 12
155 126 163 126
72 8 74 10
135 187 137 189
65 42 65 50
186 96 186 104
189 62 197 62
170 84 172 86
14 5 16 7
178 189 180 191
33 158 35 160
93 107 101 107
40 188 40 196
174 172 182 172
119 17 121 19
171 5 173 7
103 18 105 20
194 220 196 222
29 181 31 183
113 30 121 30
56 38 58 40
20 42 22 44
123 213 125 215
16 139 16 147
148 13 156 13
55 4 57 6
177 177 179 179
67 82 69 84
46 106 54 106
175 246 177 248
62 45 62 53
3 23 3 31
100 160 102 162
47 169 49 171
66 39 74 39
110 12 112 14
149 24 151 26
62 0 62 8
172 80 174 82
66 230 66 238
57 26 59 28
144 162 144 170
186 198 188 200
96 132 98 134
62 233 64 235
70 114 72 116
88 234 90 236
53 82 55 84
10 144 10 152
22 175 22 183
17 42 17 50
155 123 163 123
39 14 41 16
38 37 40 39
91 42 99 42
131 102 133 104
81 189 83 191
85 225 85 233
72 134 74 136
95 232 97 234
69 218 77 218
89 25 91 27
77 28 77 36
192 172 192 180
162 75 170 75
172 126 174 128
138 217 140 219
196 210 196 218
166 13 168 15
20 93 28 93
119 185 121 187
67 201 69 203
171 233 171 241
113 181 115 183
32 236 33 239
116 21 117 24
159 233 162 234
193 70 193 77
69 188 70 191
180 32 183 33
47 65 47 72
9 196 9 203
127 55 130 56
35 232 36 235
173 88 180 88
11 172 11 179
0 223 3 224
113 50 114 53
120 44 127 44
44 74 45 77
14 21 17 22
123 46 130 46
124 240 127 241
95 141 96 144
50 45 51 48
38 4 39 7
71 92 78 92
80 172 83 173
68 132 69 135
2 71 9 71
98 169 99 172
44 209 45 212
131 156 134 157
28 243 29 246
105 37 108 38
151 35 154 36
7 124 8 127
89 243 92 244
4 191 7 192
172 110 175 111
104 59 107 60
149 73 152 74
175 20 182 20
171 119 174 120
52 201 53 204
95 29 95 36
55 77 58 78
47 25 50 26
99 34 100 37
33 244 40 244
38 152 41 153
25 77 25 84
130 242 130 249
159 48 160 51
65 80 72 80
96 175 96 182
71 202 74 203
2 175 2 182
179 147 186 147
27 112 28 115
72 24 73 27
19 102 19 109
115 89 116 92
46 222 47 225
20 0 23 1
82 140 89 140
82 57 85 58
82 29 83 32
154 63 161 63
83 104 84 107
0 205 1 208
78 35 81 36
102 214 102 221
39 60 46 60
35 63 36 66
22 14 25 15
186 187 189 188
17 150 20 152
124 73 124 84
0 83 0 91
0 238 1 242
0 244 0 255
3 85 3 92
5 112 5 119
8 21 11 22
8 39 11 40
9 217 10 220
11 190 12 193
15 38 18 39
17 65 20 66
17 202 18 206
25 175 26 178
25 249 30 250
27 60 28 64
28 128 29 133
33 247 40 247
34 139 37 140
35 198 37 200
39 157 40 161
40 87 41 90
47 81 48 84
48 6 51 7
49 89 50 93
49 248 52 250
52 237 57 238
55 90 60 91
59 100 61 102
59 241 60 245
72 117 77 118
72 129 74 131
75 18 83 18
75 108 78 109
79 6 80 10
79 20 81 22
84 7 85 10
89 104 91 106
92 86 93 90
93 149 94 153
95 87 97 90
96 69 97 74
100 249 105 250
102 89 103 94
104 53 111 53
106 249 109 251
107 47 109 50
112 138 113 143
114 241 114 252
120 33 122 36
130 70 130 81
134 134 135 138
135 197 139 198
144 149 145 154
145 80 147 82
146 35 147 38
152 0 154 3
152 51 155 53
156 195 161 196
157 83 157 91
157 179 158 182
158 89 161 91
160 216 162 218
162 48 163 53
164 229 165 232
173 135 174 138
175 153 176 157
177 131 178 134
178 15 179 18
178 41 178 51
179 49 179 56
183 75 185 77
188 68 191 70
190 29 192 31
191 119 194 121
192 124 203 124
193 97 204 97
197 11 200 13
197 231 202 232
199 153 200 158
