3211
47 64 48 69
62 114 63 119
20 96 25 97
158 137 169 137
6 59 7 64
90 1 95 2
76 25 87 25
165 220 176 220
55 41 58 43
21 40 23 43
104 88 104 99
113 19 124 19
71 150 71 161
44 224 46 227
172 129 173 134
149 141 154 142
95 233 95 244
88 231 91 233
139 4 142 6
152 77 154 80
111 40 114 42
120 60 122 63
96 140 107 140
24 88 25 93
127 82 132 83
17 177 28 177
31 55 34 57
74 45 76 48
168 40 173 41
158 116 158 127
84 9 84 20
121 200 126 201
92 71 95 73
13 102 18 103
1 58 3 61
21 155 32 155
8 54 19 54
29 140 40 140
44 216 45 221
50 216 53 218
101 41 101 52
98 38 98 49
175 158 178 160
82 170 82 181
76 40 78 43
10 84 11 89
154 199 156 202
78 56 89 56
151 151 154 153
158 28 161 30
24 189 29 190
138 206 143 207
98 81 98 92
91 223 96 224
192 200 193 205
118 127 119 132
175 24 186 24
65 85 67 88
138 109 149 109
180 120 191 120
60 89 65 90
65 140 76 140
186 245 189 247
40 70 45 71
69 129 71 132
59 22 60 27
142 81 142 92
63 64 68 65
184 157 186 160
101 242 102 247
73 190 74 195
30 138 41 138
195 133 198 135
108 63 108 74
65 227 68 229
81 239 82 244
157 168 158 173
81 129 92 129
2 32 5 34
151 31 153 34
172 152 175 154
95 118 106 118
165 194 168 196
73 107 75 110
10 40 12 43
192 236 193 241
38 196 49 196
181 38 192 38
152 192 152 203
67 231 78 231
67 121 70 123
105 91 106 96
168 115 169 120
12 203 13 208
170 26 170 37
6 239 9 241
128 233 131 235
18 192 20 195
88 86 91 88
182 80 185 82
16 106 17 111
102 228 103 233
97 186 108 186
155 48 166 48
2 234 4 237
33 183 34 188
194 143 197 145
59 118 60 123
184 236 187 238
142 34 145 36
84 133 89 134
141 220 141 231
2 159 7 160
192 96 195 98
191 129 193 132
13 5 24 5
136 182 136 193
8 31 8 42
188 57 189 62
23 182 34 182
27 57 30 59
145 52 148 54
134 76 134 87
94 163 97 165
65 208 66 213
142 195 147 196
144 27 145 32
173 15 175 18
141 158 142 163
6 81 6 92
191 11 193 14
37 231 40 233
109 201 114 202
154 65 165 65
144 186 146 189
87 43 88 48
190 145 190 156
14 65 14 76
76 164 77 169
190 141 193 143
85 155 87 158
185 196 186 201
58 145 58 156
94 62 96 65
7 167 7 178
137 222 139 225
171 94 173 97
127 148 130 150
120 219 120 230
49 228 52 230
104 9 105 14
57 33 62 34
188 186 189 191
163 93 165 96
166 106 177 106
165 144 167 147
6 20 6 31
182 226 185 228
113 95 115 98
96 170 99 172
26 116 37 116
67 212 69 215
29 71 30 76
129 154 140 154
51 184 52 189
114 2 117 4
120 2 123 4
193 49 198 50
115 86 126 86
162 57 167 58
33 31 34 36
14 114 15 119
100 235 102 238
51 128 53 131
74 61 77 63
88 210 90 213
190 208 193 210
49 129 49 140
71 19 73 22
45 8 46 13
143 44 148 45
21 114 22 119
35 126 36 131
192 100 194 103
42 127 43 132
115 5 126 5
133 237 135 240
50 71 61 71
194 190 196 193
138 197 143 198
120 49 122 52
159 161 161 164
79 161 80 166
105 231 106 236
142 28 143 33
75 123 86 123
10 143 10 154
164 36 167 38
69 111 71 114
161 230 163 233
127 236 132 237
80 82 83 84
57 19 62 20
77 98 79 101
113 240 115 243
110 70 113 72
33 118 36 120
40 95 45 96
99 82 100 87
41 43 44 45
27 13 29 16
144 53 144 64
28 110 30 113
35 225 40 226
146 121 149 123
137 202 137 213
22 159 22 170
40 86 42 89
106 174 109 176
109 135 114 136
176 186 181 187
61 203 64 205
78 63 78 74
15 42 17 45
43 231 43 242
173 163 174 168
29 209 31 212
47 96 58 96
144 163 155 163
47 15 50 17
43 109 45 112
168 39 179 39
128 94 139 94
192 72 192 83
29 131 30 136
28 193 28 204
72 177 73 182
90 249 101 249
94 177 95 182
9 185 14 186
176 171 177 176
17 81 17 92
21 4 32 4
66 188 68 191
38 218 40 221
116 100 127 100
78 38 89 38
75 8 80 9
34 225 34 236
2 133 2 144
151 40 154 42
195 206 196 211
61 174 66 175
101 220 112 220
109 210 114 211
143 175 146 177
38 15 41 17
185 176 196 176
107 45 110 47
21 140 24 142
121 117 123 120
160 33 160 44
180 189 181 194
86 144 88 147
30 11 35 12
75 121 86 121
39 175 39 186
42 102 42 113
131 204 133 207
156 141 158 144
108 13 113 14
1 206 2 211
162 118 163 123
37 136 48 136
151 237 162 237
95 93 95 104
103 81 108 82
6 191 7 196
93 226 98 227
35 16 37 19
125 125 128 127
199 151 199 162
88 240 91 242
32 80 43 80
127 184 129 187
19 180 24 181
2 18 4 21
29 120 32 122
65 79 76 79
60 246 62 249
141 19 143 22
12 243 17 244
148 185 150 188
87 30 90 32
133 161 138 162
98 162 99 167
16 212 21 213
173 2 175 5
88 69 89 74
135 116 136 121
173 31 184 31
196 156 197 161
32 229 32 240
5 79 5 90
154 70 155 75
168 2 171 4
89 90 92 92
106 32 117 32
29 161 34 162
82 208 84 211
117 180 119 183
34 165 35 170
145 144 147 147
19 130 24 131
126 143 126 154
158 183 161 185
124 140 127 142
166 212 171 213
86 50 91 51
59 109 61 112
4 124 15 124
139 79 150 79
189 231 190 236
63 91 64 96
62 2 64 5
146 37 151 38
161 19 163 22
130 18 141 18
66 124 68 127
166 31 168 34
54 140 54 151
130 181 130 192
117 125 122 126
117 176 119 179
197 221 199 224
49 97 50 102
37 153 42 154
173 6 174 11
16 179 17 184
179 136 190 136
158 103 159 108
93 190 93 201
153 239 155 242
114 204 115 209
34 249 45 249
114 139 116 142
127 84 130 86
17 29 17 40
138 40 149 40
57 63 58 68
104 182 107 184
30 203 41 203
153 169 154 174
182 10 185 12
115 71 118 73
170 200 175 201
109 2 111 5
70 224 72 227
195 111 196 116
14 32 14 43
153 228 164 228
22 6 24 9
54 194 54 205
60 49 60 60
92 78 93 83
43 201 44 206
9 132 11 135
4 161 5 166
11 145 22 145
174 207 185 207
19 84 19 95
119 105 124 106
92 112 94 115
156 58 159 60
118 54 118 65
106 10 109 12
9 167 11 170
29 144 32 146
139 29 140 34
132 200 134 203
171 225 171 236
81 107 92 107
197 34 199 37
162 204 165 206
141 75 143 78
34 107 37 109
51 171 56 172
93 213 98 214
136 74 136 85
14 157 17 159
84 83 85 88
157 207 162 208
67 55 69 58
60 40 65 41
65 22 65 33
161 242 162 247
49 108 52 110
150 245 153 247
84 195 86 198
194 71 194 82
137 89 139 92
77 178 79 181
47 117 50 119
43 82 48 83
16 235 17 240
4 99 15 99
177 27 182 28
87 77 98 77
71 145 82 145
121 223 122 228
5 69 7 72
179 35 182 37
194 60 197 62
169 17 172 19
161 133 164 135
186 41 189 43
159 191 160 196
193 177 198 178
61 163 72 163
54 244 65 244
21 82 32 82
51 18 53 21
151 60 151 71
56 127 58 130
1 154 1 165
3 36 6 38
38 113 38 124
79 141 90 141
47 3 52 4
43 76 45 79
71 243 74 245
165 172 170 173
125 50 130 51
121 162 126 163
38 160 40 163
113 15 124 15
108 138 108 149
110 196 115 197
180 152 180 163
52 12 57 13
79 151 84 152
55 217 57 220
74 21 75 26
24 221 35 221
120 179 122 182
17 17 19 20
107 191 108 196
30 85 32 88
146 159 157 159
20 54 21 59
92 28 93 33
28 63 33 64
72 128 83 128
148 19 150 22
133 185 135 188
3 115 6 117
87 91 88 96
96 106 107 106
22 238 22 249
137 175 139 178
176 112 177 117
117 168 122 169
130 126 132 129
78 186 83 187
123 41 124 46
123 134 128 135
111 181 111 192
46 189 49 191
143 162 154 162
160 50 160 61
117 163 119 166
55 1 56 6
39 119 40 124
151 109 151 120
115 152 120 153
192 57 197 58
53 40 53 51
122 53 133 53
54 31 59 32
160 5 163 7
79 13 81 16
89 238 94 239
82 215 84 218
33 23 44 23
44 97 46 100
87 245 89 248
182 71 193 71
77 110 82 111
85 214 87 217
58 108 69 108
81 136 84 138
122 93 133 93
157 211 157 222
151 231 156 232
93 135 98 136
108 91 113 92
20 77 23 79
78 226 83 227
85 207 96 207
0 0 2 3
66 80 77 80
68 88 79 88
72 151 72 162
14 92 16 95
10 128 13 130
123 171 123 182
71 168 72 173
34 92 36 95
74 211 79 212
89 161 100 161
164 230 167 232
164 68 166 71
84 161 84 172
110 55 112 58
101 7 102 12
89 109 100 109
86 21 88 24
97 236 98 241
50 41 50 52
25 65 36 65
15 137 20 138
161 179 164 181
101 79 101 90
78 147 83 148
155 147 156 152
186 137 186 148
1 65 1 76
103 119 108 120
96 174 101 175
104 75 106 78
153 4 153 15
61 207 72 207
21 233 26 234
93 172 93 183
73 112 78 113
24 149 27 151
138 102 143 103
139 26 150 26
136 242 137 247
72 130 75 132
65 114 66 119
82 101 87 102
86 163 87 168
85 8 85 19
82 57 87 58
24 35 27 37
31 217 34 219
170 111 175 112
18 222 18 233
124 56 129 57
43 74 54 74
145 95 147 98
45 209 48 211
9 85 9 96
88 114 88 125
145 56 146 61
133 227 135 230
62 197 64 200
118 113 118 124
183 59 183 70
138 173 149 173
121 170 122 175
64 8 66 11
154 101 165 101
193 107 196 109
167 24 169 27
45 128 48 130
179 232 184 233
137 7 140 9
140 189 141 194
41 155 42 160
182 114 193 114
117 24 128 24
7 197 18 197
97 221 102 222
46 228 48 231
59 230 59 241
114 182 115 187
132 213 134 216
23 168 25 171
71 201 72 206
11 107 11 118
170 76 175 77
45 90 47 93
184 74 187 76
134 136 139 137
158 74 159 79
27 104 27 115
33 99 35 102
103 41 106 43
74 249 85 249
82 219 87 220
111 121 114 123
152 238 163 238
64 155 65 160
85 77 86 82
50 238 51 243
35 6 46 6
171 205 173 208
151 164 153 167
150 143 155 144
51 176 56 177
118 40 120 43
188 182 190 185
35 48 37 51
102 148 102 159
8 215 19 215
18 188 29 188
55 178 57 181
38 57 39 62
57 45 59 48
83 222 94 222
75 219 78 221
109 105 114 106
51 82 62 82
52 220 54 223
109 23 111 26
177 3 178 8
161 155 172 155
72 64 73 69
172 242 175 244
90 36 101 36
167 81 170 83
66 91 71 92
105 52 110 53
189 194 191 197
14 77 14 88
23 242 28 243
153 49 153 60
91 5 102 5
158 95 159 100
121 27 123 30
2 217 2 228
45 198 46 203
38 177 38 188
57 75 68 75
1 46 3 49
140 66 142 69
173 50 175 53
56 209 57 214
21 207 32 207
61 36 63 39
108 213 109 218
159 80 164 81
25 49 28 51
165 162 170 163
23 13 25 16
142 245 144 248
55 194 66 194
154 117 156 120
20 1 23 3
131 130 131 141
87 128 98 128
79 93 81 96
144 10 146 13
119 108 124 109
16 23 18 26
66 236 71 237
51 143 53 146
27 93 30 95
183 248 188 249
157 225 168 225
107 158 109 161
62 167 67 168
183 83 186 85
124 10 135 10
197 191 197 202
49 88 54 89
167 148 172 149
133 55 136 57
56 9 61 10
68 196 73 197
178 16 180 19
41 174 44 176
93 208 98 209
140 48 145 49
80 153 81 158
130 211 135 212
131 75 133 78
94 144 96 147
147 6 150 8
72 214 75 216
140 140 143 142
192 45 192 56
121 72 126 73
22 12 22 23
67 94 72 95
127 175 130 177
116 155 119 157
28 96 29 101
119 70 120 75
129 96 140 96
21 197 24 199
156 73 167 73
109 193 112 195
157 75 157 86
72 71 74 74
115 129 116 134
36 96 37 101
27 168 29 171
172 58 177 59
49 103 60 103
58 15 60 18
160 217 171 217
67 148 68 153
133 116 134 121
172 64 174 67
185 17 196 17
121 231 121 242
163 197 165 200
0 64 0 75
95 13 98 15
128 158 139 158
63 14 64 19
51 134 62 134
181 22 186 23
133 191 135 194
66 14 66 25
162 168 167 169
156 105 157 110
15 67 18 69
36 75 39 77
182 55 185 57
177 213 188 213
62 234 73 234
57 195 62 196
127 17 128 22
6 219 9 221
33 128 34 133
193 3 195 6
193 153 193 164
21 157 21 168
134 126 145 126
105 19 108 21
104 133 106 136
14 27 19 28
81 112 83 115
12 55 13 60
111 245 122 245
36 42 39 44
156 11 161 12
125 101 128 103
83 59 83 70
24 44 27 46
1 233 12 233
164 209 169 210
178 122 181 124
49 149 50 154
75 105 80 106
112 87 117 88
13 146 16 148
97 217 100 219
106 34 108 37
89 98 90 103
112 76 117 77
178 143 179 148
37 7 42 8
155 176 157 179
123 16 134 16
199 228 199 239
122 207 127 208
130 59 130 70
194 220 195 225
117 202 122 203
122 193 125 195
90 60 95 61
166 102 171 103
150 239 151 244
59 187 62 189
14 0 17 2
117 28 120 30
69 246 74 247
155 54 157 57
139 41 140 46
179 106 182 108
35 37 38 39
77 83 79 86
196 52 198 55
169 42 171 45
16 162 16 173
20 47 23 49
166 157 171 158
39 170 44 171
181 234 186 235
124 232 135 232
1 78 3 81
10 162 12 165
65 56 66 61
104 243 107 245
35 72 40 73
135 19 135 30
17 125 17 136
3 6 14 6
150 53 151 58
11 171 11 182
48 32 51 34
131 110 132 115
104 15 106 18
82 157 82 168
25 159 28 161
60 129 63 131
3 221 4 226
9 56 11 59
129 130 130 135
44 32 46 35
149 87 160 87
176 120 176 131
120 209 131 209
113 227 113 238
70 64 70 75
176 138 176 149
67 38 67 49
39 28 50 28
71 117 72 122
39 126 40 131
87 41 92 42
136 169 141 170
162 163 164 166
172 117 173 122
161 52 161 63
167 49 172 50
196 99 198 102
162 16 165 18
197 63 199 66
133 35 136 37
157 150 168 150
19 81 30 81
175 221 180 222
15 65 20 66
97 104 102 105
116 9 127 9
165 128 167 131
176 68 181 69
92 6 95 8
49 205 49 216
113 99 115 102
154 235 165 235
58 1 60 4
197 126 198 131
0 83 3 85
166 96 169 98
155 249 166 249
183 175 183 186
165 241 166 246
28 178 31 180
97 19 102 20
47 104 58 104
150 216 151 221
97 67 102 68
116 47 119 49
61 140 61 151
116 62 117 67
2 95 7 96
59 56 59 67
80 245 85 246
159 239 162 241
133 133 144 133
191 160 191 171
192 224 193 229
100 23 103 25
130 13 141 13
8 196 19 196
187 203 189 206
134 104 137 106
121 88 126 89
76 118 81 119
110 108 111 113
164 185 164 196
68 48 71 50
73 201 76 203
117 189 118 194
63 52 65 55
174 20 177 22
160 88 161 93
123 230 123 241
173 144 175 147
101 55 104 57
106 163 109 165
74 89 76 92
184 170 186 173
113 158 116 160
96 138 107 138
13 187 15 190
40 179 41 184
23 23 25 26
137 183 139 186
57 223 68 223
180 45 183 47
75 172 75 183
68 201 69 206
188 119 199 119
160 213 162 216
83 5 88 6
61 63 62 68
197 209 198 214
161 187 163 190
34 210 36 213
149 190 151 193
182 1 185 3
41 197 43 200
140 143 143 145
144 128 147 130
52 124 63 124
49 75 49 86
108 166 109 171
109 95 110 100
45 54 47 57
167 198 178 198
8 19 8 30
177 9 188 9
178 165 179 170
128 65 128 76
181 134 186 135
103 6 103 17
36 145 39 147
70 81 71 86
3 16 14 16
9 67 12 69
182 152 183 157
104 69 107 71
87 26 89 29
186 149 189 151
181 238 181 249
157 28 157 39
147 135 158 135
21 30 26 31
45 167 47 170
146 209 147 214
69 141 70 146
128 58 129 63
109 223 112 225
146 73 147 78
153 131 156 133
151 201 151 212
137 64 137 75
80 63 82 66
74 156 74 167
124 110 125 115
180 99 183 101
55 76 56 81
36 22 47 22
1 130 6 131
20 215 22 218
115 33 118 35
156 192 157 197
19 111 24 112
81 166 81 177
67 4 72 5
78 199 78 210
63 97 74 97
183 96 188 97
168 180 179 180
94 19 95 24
25 105 26 110
151 229 156 230
8 44 9 49
124 189 129 190
137 152 142 153
148 3 151 5
193 246 196 248
46 155 57 155
173 90 175 93
181 140 183 143
11 240 14 242
170 62 181 62
88 182 89 187
174 194 176 197
134 2 137 4
52 212 55 214
84 64 84 75
143 237 144 242
75 189 80 190
2 97 13 97
143 89 145 92
109 232 109 243
175 46 178 48
80 129 80 140
83 172 83 183
80 3 82 6
111 7 114 9
191 111 194 113
12 168 15 170
12 201 17 202
4 185 7 187
171 120 171 131
182 110 185 112
27 175 32 176
3 238 14 238
169 191 172 193
112 130 114 133
46 163 51 164
10 199 15 200
8 152 8 163
185 127 187 130
36 197 39 199
184 67 187 69
121 54 126 55
103 124 105 127
172 44 183 44
70 10 75 11
163 151 168 152
195 231 196 236
46 84 47 89
97 144 100 146
167 86 169 89
166 0 171 1
178 51 181 53
194 126 194 137
54 91 56 94
60 152 61 157
91 139 91 150
142 0 144 3
193 181 195 184
161 2 166 3
116 103 117 108
113 145 124 145
145 85 156 85
0 127 11 127
26 141 31 142
151 178 151 189
145 229 148 231
24 55 26 58
7 75 7 86
125 212 128 214
89 152 92 154
52 162 63 162
140 155 143 157
85 26 86 31
25 244 27 247
114 17 119 18
98 58 100 61
74 234 75 239
144 113 149 114
69 78 80 78
102 31 113 31
0 120 11 120
75 14 77 17
13 150 14 155
155 243 157 246
125 63 127 66
137 47 137 58
105 207 106 212
49 158 54 159
42 50 45 52
63 43 66 45
32 41 43 41
78 125 81 127
108 38 113 39
66 217 69 219
174 150 185 150
45 144 48 146
102 61 113 61
84 174 84 185
140 136 151 136
20 101 22 104
1 40 2 45
175 134 180 135
0 218 1 223
51 191 51 202
137 35 139 38
7 214 18 214
25 163 36 163
12 63 17 64
188 222 189 227
18 185 29 185
141 138 146 139
43 19 48 20
73 83 75 86
152 81 154 84
12 9 14 12
115 36 116 41
124 33 125 38
0 203 5 204
58 99 61 101
126 115 129 117
109 69 109 80
6 207 8 210
55 59 55 70
139 228 139 239
133 41 134 46
105 200 106 205
49 35 51 38
190 19 193 21
90 68 93 70
170 134 171 139
181 217 183 220
89 116 94 117
182 162 184 165
4 50 15 50
187 159 188 164
175 122 175 133
37 208 38 213
35 150 40 151
41 229 41 240
100 0 105 1
43 59 44 64
76 243 78 246
194 156 194 167
179 209 182 211
8 62 8 73
60 139 71 139
60 228 61 233
38 192 43 193
176 51 177 56
168 240 169 245
117 94 120 96
41 166 44 168
0 101 3 103
148 90 153 91
120 148 122 151
32 26 34 29
93 141 98 142
192 194 193 199
187 100 190 102
35 141 40 142
0 9 1 14
195 137 198 139
20 11 21 16
100 167 101 172
159 220 161 223
134 127 145 127
184 105 186 108
6 142 8 145
0 180 5 181
110 66 112 69
188 5 191 7
165 223 170 224
165 218 170 219
95 51 97 54
7 12 10 14
49 245 52 247
56 113 58 116
166 77 169 79
124 180 127 182
159 109 170 109
16 118 16 129
75 31 77 34
128 247 131 249
113 212 113 223
73 185 75 188
143 112 143 123
50 105 61 105
162 59 165 61
99 194 102 196
74 55 75 60
153 121 154 126
27 164 29 167
179 116 182 118
159 67 160 72
24 236 27 238
18 139 20 142
101 92 101 103
185 29 187 32
168 201 169 206
110 228 111 233
146 20 147 25
10 72 13 74
129 98 132 100
158 174 159 179
147 30 150 32
20 52 31 52
113 113 114 118
38 214 41 216
113 78 115 81
94 168 99 169
97 153 99 156
8 234 19 234
5 151 6 156
144 140 144 151
80 191 82 194
11 23 11 34
97 93 98 98
96 41 97 46
58 178 61 180
185 36 190 37
124 137 127 139
91 95 92 100
4 53 15 53
162 29 165 31
116 228 116 239
167 182 168 187
113 148 114 153
115 217 116 222
51 86 62 86
26 3 37 3
39 102 41 105
11 210 14 212
78 30 83 31
99 15 102 17
173 103 184 103
90 194 90 205
152 217 155 219
44 241 49 242
70 39 71 44
29 32 30 37
117 226 119 229
9 188 11 191
148 160 153 161
3 182 6 184
99 205 104 206
45 138 47 141
36 176 36 187
65 178 65 189
178 80 179 85
86 231 86 242
63 143 65 146
19 227 24 228
180 130 182 133
11 221 11 232
45 171 47 174
73 27 76 29
197 68 199 71
27 40 38 40
11 192 13 195
123 122 123 133
85 111 96 111
103 128 105 131
187 143 189 146
91 211 96 212
76 49 78 52
44 118 44 129
133 171 134 176
32 148 33 153
26 147 31 148
58 76 69 76
78 18 80 21
118 37 123 38
129 179 134 180
47 219 48 224
168 54 168 65
160 140 163 142
170 54 172 57
18 6 21 8
0 93 1 98
172 104 177 105
170 86 171 91
13 179 14 184
119 186 122 188
135 59 137 62
58 176 63 177
46 175 48 178
71 53 76 54
99 201 101 204
173 230 173 241
132 142 137 143
197 121 199 124
140 177 140 188
83 39 83 50
137 214 142 215
98 110 109 110
67 30 68 35
103 50 108 51
173 223 184 223
91 185 96 186
7 246 18 246
50 56 55 57
138 53 143 54
183 51 186 53
105 102 107 105
1 22 4 24
127 4 132 5
23 134 25 137
87 171 87 182
45 236 50 237
130 38 131 43
189 44 190 49
54 52 57 54
69 13 71 16
183 210 186 212
181 86 182 91
172 34 175 36
39 66 42 68
142 226 153 226
138 112 139 117
76 235 77 240
170 46 173 48
148 176 149 181
85 191 88 193
82 73 83 78
14 57 17 59
188 51 190 54
194 25 199 26
25 191 30 192
28 151 31 153
102 173 105 175
154 165 159 166
145 235 147 238
8 83 8 94
8 1 13 2
64 127 64 138
136 194 137 199
58 219 61 221
21 62 26 63
47 10 49 13
4 58 5 63
95 28 96 33
112 82 115 84
173 107 178 108
25 47 30 48
27 213 28 218
184 217 186 220
118 77 120 80
113 171 113 182
158 15 161 17
123 219 134 219
3 121 14 121
72 100 72 111
35 157 40 158
145 140 147 143
176 190 179 192
36 54 39 56
73 49 75 52
28 78 31 80
27 85 29 88
178 113 181 115
102 141 104 144
1 27 4 29
57 35 58 40
65 109 68 111
35 30 38 32
186 123 188 126
49 115 54 116
173 183 178 184
60 95 62 98
63 70 66 72
176 202 187 202
11 46 16 47
128 0 131 2
37 184 37 195
188 180 199 180
98 187 100 190
175 215 177 218
48 122 50 125
21 220 22 225
56 163 58 166
7 203 10 205
90 71 91 76
28 230 28 241
135 155 138 157
160 114 162 117
39 92 42 94
152 112 153 117
90 218 95 219
16 70 27 70
169 58 171 61
75 143 80 144
21 91 23 94
197 107 199 110
189 117 194 118
41 144 42 149
131 104 133 107
3 74 5 77
93 131 96 133
191 61 193 64
135 200 136 205
54 182 55 187
102 121 107 122
0 233 0 244
117 210 122 211
138 147 141 149
6 222 9 224
20 83 22 86
107 27 112 28
50 202 50 213
82 198 83 203
161 121 161 132
43 152 45 155
184 18 189 19
65 121 65 132
104 223 105 228
129 238 132 240
169 185 174 186
16 75 19 77
85 59 86 64
101 59 106 60
160 84 165 85
58 169 59 174
166 237 169 239
101 137 112 137
41 29 44 31
91 225 102 225
136 10 141 11
102 89 102 100
6 51 17 51
26 129 27 134
116 176 116 187
3 174 5 177
95 37 97 40
167 68 169 71
126 244 131 245
62 219 64 222
183 146 185 149
72 137 77 138
90 15 90 26
133 89 135 92
68 239 73 240
125 223 136 223
55 107 57 110
176 229 187 229
140 59 141 64
21 127 32 127
176 99 179 101
34 195 35 200
79 35 82 37
118 21 123 22
81 229 83 232
63 102 65 105
109 145 110 150
61 7 72 7
108 6 119 6
138 232 138 243
23 120 24 125
36 236 37 241
1 231 6 232
178 243 180 246
168 248 179 248
180 109 191 109
99 26 104 27
7 28 7 39
48 23 53 24
191 31 194 33
110 165 115 166
96 158 99 160
155 222 156 227
39 164 40 169
91 246 94 248
104 38 107 40
74 93 76 96
132 144 134 147
87 195 89 198
97 55 100 57
55 145 56 150
109 139 110 144
45 106 48 108
37 243 42 244
32 93 32 104
43 67 46 69
136 41 138 44
86 34 88 37
73 205 74 210
145 216 146 221
56 182 56 193
18 153 20 156
140 167 145 168
182 93 193 93
152 179 154 182
176 232 176 243
118 247 121 249
22 60 33 60
148 80 150 83
32 68 33 73
44 185 45 190
34 204 35 209
48 39 48 50
196 167 199 169
3 149 4 154
68 15 68 26
187 25 189 28
176 34 178 37
131 23 134 25
186 88 189 90
145 197 150 198
152 13 152 24
159 125 160 130
5 101 8 103
196 42 197 47
124 47 129 48
62 242 73 242
20 184 31 184
143 171 148 172
131 177 136 178
126 97 137 97
162 74 163 79
111 139 111 150
148 127 151 129
19 121 21 124
198 111 199 116
69 190 70 195
100 199 111 199
74 114 77 116
23 156 24 161
84 228 89 229
46 238 49 240
57 87 62 88
148 63 150 66
121 121 132 121
99 37 101 40
30 230 30 241
107 200 108 205
198 81 199 86
152 204 157 205
85 162 96 162
46 132 48 135
33 85 35 88
140 233 141 238
69 28 71 31
81 42 81 53
118 214 118 225
53 206 54 211
31 192 36 193
55 135 58 137
55 196 56 201
14 125 14 136
170 166 172 169
184 16 195 16
161 175 163 178
141 100 152 100
27 172 30 174
119 97 124 98
68 157 69 162
170 114 171 119
37 24 40 26
187 192 188 197
52 97 54 100
119 33 121 36
3 133 4 138
168 129 170 132
197 148 198 153
184 179 186 182
96 2 107 2
48 179 50 182
105 143 105 154
182 238 182 249
173 188 174 193
154 19 159 20
95 74 100 75
120 156 121 161
175 168 175 179
176 231 187 231
93 203 95 206
134 164 139 165
79 59 79 70
183 189 185 192
77 222 82 223
5 188 5 199
61 209 62 214
153 95 154 100
17 169 20 171
108 101 111 103
190 242 192 245
188 22 193 23
121 212 123 215
193 173 196 175
63 246 66 248
114 31 125 31
154 157 159 158
199 12 199 23
188 199 190 202
43 212 48 213
31 125 42 125
123 159 134 159
57 229 58 234
176 64 179 66
102 112 107 113
147 179 147 190
57 57 58 62
26 223 28 226
132 135 143 135
164 214 167 216
10 216 12 219
30 164 32 167
20 234 20 245
116 204 127 204
17 207 20 209
150 214 155 215
165 8 167 11
176 6 176 17
29 105 31 108
123 80 128 81
193 42 194 47
133 109 135 112
173 173 174 178
54 117 55 122
124 220 135 220
59 200 60 205
176 84 176 95
84 96 86 99
25 0 36 0
19 105 24 106
141 94 143 97
8 114 10 117
79 33 84 34
91 169 92 174
18 36 23 37
86 65 87 70
165 13 168 15
67 99 70 101
163 247 174 247
117 133 120 135
88 177 91 179
33 47 34 52
38 189 43 190
91 17 93 20
150 103 155 104
147 151 148 156
55 29 60 30
76 131 79 133
126 198 131 199
78 134 79 139
55 237 56 242
41 161 52 161
56 225 58 228
99 6 100 11
170 143 172 146
66 199 77 199
99 111 101 114
129 67 129 78
101 177 102 182
93 102 94 107
135 248 140 249
86 114 87 119
190 24 191 29
101 71 102 76
124 191 129 192
190 72 191 77
71 35 76 36
145 65 147 68
3 142 4 147
184 94 195 94
125 39 126 44
195 22 198 24
155 27 155 38
164 87 166 90
174 68 175 73
179 79 190 79
34 53 45 53
66 155 67 160
120 193 121 198
152 111 163 111
144 71 145 76
151 44 156 45
131 65 133 68
139 20 140 25
131 149 133 152
152 65 153 70
45 192 50 193
195 200 196 205
125 107 130 108
199 44 199 55
158 31 158 42
64 48 66 51
84 0 95 0
108 16 113 17
149 202 149 213
105 193 106 198
76 66 77 71
90 119 92 122
56 140 58 143
84 103 87 105
38 108 40 111
95 69 100 70
35 81 38 83
110 125 115 126
116 10 118 13
190 216 192 219
133 122 135 125
123 226 125 229
130 225 132 228
192 148 194 151
164 50 165 55
116 92 121 93
90 9 92 12
136 234 137 239
116 111 117 116
51 39 52 44
166 122 168 125
59 165 70 165
143 222 145 225
2 243 3 248
92 210 103 210
9 21 14 22
161 34 161 45
164 42 166 45
182 178 182 189
16 210 27 210
115 23 126 23
76 197 81 198
85 142 85 153
43 84 45 87
189 207 189 218
178 234 180 237
88 157 90 160
23 101 26 103
121 82 124 84
31 90 31 101
31 194 33 197
161 170 166 171
102 213 107 214
42 12 43 17
146 49 151 50
193 213 195 216
91 22 91 33
191 45 191 56
111 161 116 162
145 0 150 1
31 248 42 248
52 126 63 126
133 132 144 132
95 119 97 122
114 50 115 55
127 88 138 88
25 113 25 124
127 242 132 243
67 3 78 3
62 164 73 164
150 92 153 94
62 0 73 0
177 130 179 133
54 245 56 248
162 66 163 71
31 168 33 171
127 161 130 163
150 12 151 17
55 160 60 161
34 214 37 216
0 111 3 113
154 1 156 4
180 41 183 43
194 28 197 30
195 239 197 242
20 44 23 46
172 25 183 25
43 3 46 5
139 105 141 108
103 238 105 241
95 114 97 117
125 172 128 174
131 28 134 30
102 189 105 191
75 4 78 6
14 104 15 109
67 113 68 118
168 229 170 232
167 21 172 22
45 45 47 48
195 76 197 79
88 84 93 85
182 214 185 216
166 188 171 189
20 53 31 53
85 178 86 183
116 149 119 151
96 194 98 197
2 4 13 4
56 83 59 85
183 87 194 87
113 56 116 58
141 183 146 184
41 225 43 228
98 21 103 22
79 228 80 233
83 127 94 127
187 216 188 221
20 18 21 23
193 7 195 10
155 153 160 154
50 169 55 170
108 206 111 208
138 72 140 75
23 19 26 21
161 23 164 25
166 16 168 19
99 123 101 126
166 176 168 179
101 54 112 54
55 18 56 23
184 153 187 155
6 161 7 166
94 215 105 215
198 90 199 95
120 45 122 48
91 194 92 199
130 165 131 170
195 126 196 131
4 41 7 43
93 48 94 53
40 33 41 38
138 51 143 52
36 63 41 64
123 196 134 196
169 74 180 74
152 187 154 190
118 87 120 90
155 185 156 190
140 202 145 203
98 108 109 108
1 190 4 192
123 184 126 186
39 83 42 85
191 88 194 90
48 166 53 167
131 62 134 64
2 155 4 158
165 114 167 117
18 39 20 42
22 154 33 154
60 135 63 137
151 137 153 140
11 98 22 98
144 205 146 208
19 173 24 174
121 217 126 218
99 179 100 184
12 227 17 228
38 92 38 103
48 90 59 90
93 88 94 93
188 139 193 140
109 122 109 133
140 122 142 125
36 133 41 134
38 1 49 1
136 29 138 32
45 120 47 123
104 114 109 115
199 138 199 149
96 236 96 247
12 160 17 161
71 175 71 186
87 224 90 226
120 101 123 103
18 143 29 143
72 12 73 17
105 64 107 67
148 88 159 88
152 209 157 210
32 178 34 181
153 206 156 208
113 74 118 75
148 233 153 234
115 107 115 118
154 22 159 23
34 147 34 158
70 172 70 183
165 23 166 28
61 216 64 218
156 46 167 46
97 23 97 34
127 164 129 167
197 183 199 186
122 132 122 143
119 7 124 8
26 85 26 96
22 230 27 231
65 170 67 173
12 77 13 82
111 29 116 30
82 43 82 54
60 238 61 243
139 118 142 120
166 111 169 113
177 10 179 13
15 175 15 186
68 68 69 73
2 166 2 177
128 139 129 144
190 103 191 108
102 45 105 47
120 243 125 244
162 125 163 130
186 0 191 1
167 5 172 6
143 104 145 107
144 101 149 102
170 84 175 85
127 33 128 38
35 78 40 79
102 170 105 172
172 222 172 233
9 76 10 81
142 179 144 182
18 205 29 205
175 79 177 82
5 226 10 227
106 1 117 1
150 171 151 176
106 151 108 154
130 79 133 81
117 205 119 208
177 194 179 197
137 188 138 193
69 77 80 77
80 97 83 99
158 203 161 205
175 225 175 236
136 228 137 233
34 173 39 174
137 218 140 220
166 66 171 67
146 223 151 224
143 6 145 9
136 129 139 131
170 202 175 203
136 23 138 26
160 143 163 145
40 47 41 52
64 176 64 187
96 248 107 248
116 68 121 69
63 147 65 150
85 40 86 45
12 171 12 182
170 7 172 10
155 14 157 17
19 198 20 203
37 227 40 229
18 31 20 34
138 57 143 58
97 79 97 90
20 73 25 74
18 108 18 119
108 182 110 185
174 206 185 206
155 156 166 156
188 34 193 35
117 212 117 223
58 72 61 74
75 65 75 76
81 188 86 189
119 189 121 192
187 174 192 175
177 40 188 40
188 80 189 85
46 7 57 7
144 42 149 43
46 149 47 154
27 30 32 31
173 209 174 214
194 11 196 14
136 39 147 39
123 57 123 68
114 172 115 177
81 204 83 207
2 194 4 197
74 213 85 213
84 232 84 243
131 102 136 103
41 9 44 11
160 226 165 227
128 25 129 30
112 119 117 120
15 203 16 208
82 92 85 94
97 232 100 234
147 69 149 72
40 54 41 59
179 182 181 185
43 165 54 165
89 166 90 171
106 86 109 88
71 134 74 136
163 34 163 45
96 198 99 200
42 245 47 246
4 249 15 249
31 159 36 160
69 149 80 149
53 190 55 193
94 80 96 83
79 43 79 54
122 76 127 77
158 229 160 232
69 125 72 127
147 27 152 28
149 248 154 249
67 248 72 249
73 217 74 222
82 85 83 90
3 55 8 56
45 61 48 63
28 26 30 29
180 8 191 8
11 101 12 106
85 201 86 206
49 174 54 175
154 53 154 64
54 18 54 29
50 136 50 147
124 28 127 30
140 14 145 15
52 58 52 69
82 17 83 22
109 151 111 154
8 165 8 176
21 191 23 194
131 48 136 49
76 1 87 1
91 58 96 59
155 182 166 182
161 211 172 211
178 204 183 205
149 9 152 11
146 133 151 134
184 168 189 169
170 98 172 101
0 46 0 57
152 211 155 213
30 43 32 46
146 116 149 118
152 145 153 150
24 10 35 10
98 129 101 131
164 121 164 132
160 169 160 180
153 24 154 29
33 112 36 114
55 25 58 27
58 184 61 186
154 138 159 139
71 62 71 73
0 213 3 215
46 30 51 31
32 139 43 139
199 189 199 200
135 67 135 78
29 2 40 2
0 123 3 125
33 237 35 240
62 151 63 156
51 232 54 234
95 192 106 192
162 146 164 149
28 6 33 7
171 79 174 81
175 164 177 167
144 200 149 201
104 217 107 219
117 241 119 244
179 89 180 94
115 59 115 70
105 187 110 188
72 229 77 230
9 122 14 123
74 150 76 153
37 205 40 207
185 240 190 241
193 244 198 245
20 146 23 148
28 244 29 249
185 13 188 15
154 112 157 114
187 53 187 64
150 107 155 108
98 147 99 152
89 4 100 4
14 191 17 193
177 139 180 141
86 83 86 94
183 117 186 119
29 61 34 62
113 167 116 169
196 5 198 8
31 17 33 20
43 36 46 38
103 152 103 163
104 157 105 162
195 18 198 20
0 108 5 109
2 106 7 107
195 103 198 105
123 148 124 153
37 88 39 91
115 228 115 239
8 104 9 109
49 65 50 70
29 225 32 227
111 46 113 49
27 23 30 25
19 157 20 162
177 75 179 78
38 18 40 21
6 236 11 237
39 194 44 195
156 47 167 47
3 12 5 15
46 111 51 112
78 23 83 24
123 169 128 170
172 216 174 219
96 99 98 102
112 62 114 65
12 110 15 112
56 58 56 69
173 199 184 199
110 43 115 44
72 23 72 34
18 124 18 135
181 168 183 171
126 225 129 227
85 108 96 108
31 143 42 143
107 83 110 85
59 148 59 159
114 25 119 26
63 23 63 34
148 237 149 242
81 135 92 135
92 228 95 230
43 147 45 150
79 27 82 29
33 225 33 236
75 155 75 166
0 188 0 199
196 72 199 74
194 34 196 37
154 160 165 160
140 112 142 115
25 220 36 220
58 209 60 212
29 201 40 201
123 11 125 14
43 183 48 184
100 147 100 158
105 89 116 89
105 177 108 179
186 184 187 189
180 32 183 34
107 117 112 118
106 126 107 131
0 130 0 141
59 79 64 80
190 67 195 68
24 66 27 68
11 17 14 19
35 229 36 234
80 42 80 53
123 95 128 96
6 15 17 15
21 64 23 67
127 6 132 7
19 132 21 135
12 61 17 62
123 91 128 92
78 215 81 217
161 138 166 139
103 79 108 80
0 168 0 179
61 48 61 59
71 142 74 144
143 191 146 193
182 48 187 49
111 21 116 22
89 190 92 192
129 202 130 207
78 237 79 242
50 215 61 215
73 116 73 127
165 164 167 167
86 13 87 18
46 156 51 157
116 80 117 85
103 84 105 87
52 138 57 139
132 165 133 170
48 54 53 55
186 65 191 66
11 136 13 139
60 167 61 172
81 233 82 238
116 51 119 53
120 113 120 124
62 236 63 241
84 109 84 120
74 225 77 227
183 115 188 116
24 54 35 54
32 242 35 244
133 50 136 52
54 106 65 106
24 214 26 217
190 39 193 41
35 223 46 223
177 225 180 227
88 11 89 16
195 38 198 40
174 131 174 142
156 125 157 130
149 154 154 155
5 7 16 7
0 25 5 26
105 246 110 247
144 47 155 47
111 173 112 178
18 45 19 50
99 33 102 35
129 31 130 36
141 164 146 165
177 85 177 96
8 140 13 141
0 91 5 92
162 218 164 221
79 169 80 174
79 199 80 204
16 189 21 190
174 114 175 119
93 155 96 157
89 234 91 237
52 152 57 153
52 196 53 201
171 69 173 72
193 186 196 188
119 231 120 236
79 79 82 81
41 24 44 26
10 156 13 158
73 168 74 173
53 58 53 69
54 224 65 224
6 201 11 202
99 29 101 32
139 210 141 213
100 164 103 166
8 192 10 195
112 246 123 246
133 244 135 247
97 244 99 247
162 88 162 99
35 59 37 62
198 227 198 238
69 20 70 25
59 77 64 78
110 168 112 171
22 38 33 38
156 9 161 10
94 189 94 200
170 181 172 184
158 209 163 210
162 9 164 12
176 152 178 155
67 184 70 186
57 182 57 193
76 108 81 109
178 21 189 21
130 44 132 47
60 190 65 191
66 136 69 138
182 4 185 6
78 7 89 7
136 146 137 151
87 230 87 241
165 190 168 192
1 137 1 148
160 157 163 159
180 78 191 78
170 13 172 16
158 200 161 202
41 204 42 209
175 208 176 213
29 5 40 5
69 102 70 107
100 134 103 136
29 229 29 240
82 124 87 125
116 195 117 200
93 150 96 152
19 71 24 72
53 225 55 228
123 224 134 224
11 146 12 151
7 136 9 139
137 179 139 182
44 235 55 235
167 93 170 95
85 138 88 140
174 95 175 100
106 222 108 225
127 118 130 120
65 201 67 204
111 234 112 239
6 244 11 245
186 2 191 3
83 130 94 130
138 82 141 84
124 1 127 3
180 144 185 145
112 144 123 144
13 100 24 100
177 0 180 2
67 176 69 179
146 15 149 17
158 197 161 199
48 197 50 200
175 41 178 43
5 213 6 218
113 154 124 154
14 217 16 220
39 27 50 27
195 152 195 163
188 179 199 179
70 218 72 221
179 230 190 230
196 0 199 2
88 65 93 66
76 182 79 184
154 236 165 236
184 121 184 132
140 221 140 232
47 226 52 227
33 121 35 124
43 158 48 159
12 23 13 28
136 138 139 140
160 102 163 104
4 229 9 230
48 92 53 93
50 76 51 81
12 142 17 143
56 118 58 121
157 49 159 52
192 123 193 128
75 206 77 209
89 44 90 49
124 67 126 70
168 159 173 160
136 123 139 125
142 227 142 238
5 110 8 112
156 6 159 8
11 92 13 95
186 110 188 113
30 224 41 224
93 42 95 45
117 138 120 140
178 126 181 128
5 125 10 126
77 91 78 96
99 62 102 64
22 211 27 212
16 9 17 14
54 132 59 133
104 48 109 49
184 58 186 61
157 147 160 149
7 180 10 182
138 64 139 69
112 148 112 159
155 248 166 248
67 210 72 211
54 44 55 49
1 5 12 5
133 99 136 101
69 166 70 171
157 24 159 27
107 90 107 101
117 184 122 185
107 237 108 242
43 178 45 181
19 246 21 249
40 115 42 118
29 137 40 137
143 227 148 228
6 247 17 247
157 187 159 190
176 98 187 98
19 219 20 224
171 27 172 32
33 246 38 247
174 102 185 102
87 39 92 40
140 239 141 244
168 51 171 53
177 72 182 73
195 87 198 89
26 117 37 117
66 142 68 145
44 232 49 233
91 55 94 57
21 186 26 187
31 230 31 241
152 128 155 130
36 168 38 171
90 123 92 126
64 232 69 233
60 42 62 45
155 79 156 84
167 233 169 236
155 67 158 69
52 238 53 243
196 163 199 165
188 152 189 157
30 186 32 189
6 3 17 3
179 173 182 175
56 203 58 206
63 83 68 84
9 30 9 41
88 214 89 219
147 35 152 36
5 138 5 149
67 60 72 61
2 9 7 10
182 194 184 197
13 162 14 167
114 146 119 147
151 73 151 84
176 29 181 30
49 5 54 6
58 197 61 199
4 0 7 2
135 171 140 172
15 76 15 87
131 31 133 34
53 75 54 80
190 188 192 191
136 110 141 111
87 80 90 82
177 234 177 245
146 239 147 244
40 99 43 101
148 166 150 169
38 235 39 240
88 104 91 106
47 203 48 208
143 210 143 221
127 156 132 157
157 1 159 4
15 29 16 34
51 206 52 211
96 177 98 180
152 52 152 63
101 116 112 116
144 209 145 214
73 146 84 146
31 134 34 136
153 193 155 196
91 163 92 168
183 244 185 247
180 10 181 15
73 102 76 104
106 141 107 146
77 151 78 156
96 201 97 206
41 120 43 123
66 1 71 2
136 0 141 1
50 0 61 0
60 11 63 13
46 185 49 187
43 103 44 108
52 14 57 15
132 69 134 72
128 109 129 114
123 210 134 210
163 62 166 64
148 214 149 219
16 78 16 89
127 123 132 124
85 163 85 174
1 52 12 52
190 122 191 127
95 16 98 18
44 113 46 116
98 50 100 53
117 234 118 239
60 91 62 94
154 90 157 92
145 148 146 153
172 124 174 127
20 75 25 76
162 50 163 55
84 46 85 51
132 14 137 15
25 194 26 199
95 9 97 12
188 131 190 134
82 221 93 221
177 200 182 201
158 213 158 224
76 170 78 173
181 154 181 165
17 216 18 221
58 181 61 183
20 128 31 128
84 52 87 54
5 45 7 48
187 165 190 167
68 37 69 42
130 142 131 147
121 222 132 222
107 55 108 60
178 215 179 220
80 59 82 62
191 220 191 231
4 65 6 68
110 155 111 160
110 33 112 36
120 64 122 67
31 24 36 25
42 133 45 135
24 11 29 12
172 87 175 89
88 57 89 62
162 201 165 203
85 232 85 243
108 248 113 249
0 182 1 187
140 199 151 199
124 25 127 27
131 187 132 192
27 118 32 119
55 35 56 40
117 159 119 162
124 239 126 242
68 89 73 90
18 239 19 244
189 158 190 163
151 121 152 126
0 86 2 89
92 232 94 235
26 41 31 42
197 203 198 208
66 180 69 182
93 123 98 124
21 200 24 202
99 88 100 93
47 97 48 102
110 77 111 82
129 11 134 12
53 26 53 37
10 27 10 38
196 215 196 226
99 211 101 214
195 80 196 85
13 32 13 43
15 150 20 151
15 72 18 74
2 66 3 71
194 196 196 199
112 188 114 191
178 55 181 57
103 28 106 30
164 118 167 120
176 224 187 224
24 77 35 77
127 39 129 42
76 158 78 161
194 120 196 123
0 144 0 155
72 39 73 44
186 95 197 95
103 72 106 74
71 190 72 195
66 27 66 38
57 81 68 81
160 112 165 113
184 33 187 35
116 170 118 173
3 206 4 211
67 51 69 54
145 81 147 84
61 24 62 29
11 90 16 91
147 57 148 62
147 9 148 14
33 189 36 191
198 215 199 220
125 147 125 158
168 161 179 161
90 187 95 188
62 228 64 231
122 164 125 166
129 89 131 92
140 87 141 92
18 163 20 166
148 145 150 148
31 110 32 115
25 1 36 1
9 147 9 158
161 193 163 196
135 159 140 160
161 106 164 108
170 140 173 142
0 34 1 39
183 91 188 92
173 181 178 182
184 242 189 243
97 228 100 230
22 208 27 209
29 213 31 216
147 137 150 139
127 215 130 217
35 68 37 71
67 8 68 13
27 84 38 84
156 94 157 99
111 0 122 0
46 39 47 44
31 172 42 172
198 188 198 199
37 9 39 12
110 128 111 133
137 16 142 17
173 26 175 29
61 158 63 161
88 3 99 3
63 98 74 98
141 99 152 99
192 159 192 170
99 42 100 47
21 87 23 90
23 244 24 249
142 60 143 65
127 128 128 133
104 164 105 169
144 18 145 23
86 243 91 244
23 138 28 139
190 246 192 249
92 21 93 26
9 171 10 176
135 166 138 168
143 81 144 86
52 72 57 73
185 86 196 86
103 32 105 35
169 151 180 151
16 178 27 178
108 226 109 231
6 147 8 150
198 171 199 176
40 185 42 188
28 67 30 70
147 103 149 106
64 112 64 123
119 55 119 66
101 216 103 219
3 8 14 8
63 67 66 69
134 206 136 209
117 99 128 99
0 119 11 119
154 6 155 11
31 74 42 74
20 107 22 110
92 158 95 160
101 145 104 147
141 128 143 131
31 14 36 15
157 132 160 134
67 208 72 209
110 93 115 94
193 146 198 147
74 37 75 42
46 59 51 60
110 213 111 218
87 136 92 137
106 22 108 25
63 209 64 214
165 174 170 175
52 125 63 125
175 60 180 61
192 25 193 30
123 205 128 206
29 156 32 158
26 71 28 74
48 95 59 95
80 86 81 91
76 19 77 24
80 182 82 185
45 126 50 127
187 104 189 107
115 189 116 194
160 110 171 110
182 137 185 139
44 14 46 17
94 176 105 176
3 167 6 169
4 241 5 246
132 139 135 141
92 242 94 245
57 69 62 70
21 32 26 33
18 81 18 92
23 39 34 39
144 119 149 120
124 230 129 231
91 216 96 217
93 125 98 126
189 96 191 99
59 225 64 226
51 178 54 180
14 222 16 225
46 215 48 218
27 193 27 204
1 234 1 245
164 39 167 41
87 199 88 204
60 192 65 193
166 221 171 222
115 136 120 137
51 102 62 102
65 133 70 134
39 210 44 211
62 73 67 74
187 170 190 172
45 25 50 26
1 100 12 100
52 8 54 11
155 136 166 136
130 55 132 58
129 21 134 22
12 235 15 237
165 126 170 127
48 249 59 249
78 2 89 2
145 110 148 112
165 107 170 108
15 35 16 40
3 170 6 172
85 131 90 132
96 181 98 184
35 155 40 156
22 152 27 153
167 140 169 143
5 211 10 212
119 212 120 217
199 202 199 213
168 156 179 156
110 163 115 164
23 239 26 241
163 241 164 246
51 120 53 123
26 121 28 124
23 17 28 18
32 209 33 214
7 183 12 184
82 11 83 16
12 230 15 232
1 178 6 179
148 89 159 89
62 58 64 61
31 66 36 67
195 140 198 142
179 4 181 7
44 142 49 143
148 92 149 97
41 162 44 164
88 148 90 151
152 220 154 223
59 136 59 147
122 160 133 160
75 191 76 196
83 233 83 244
162 33 162 44
103 4 108 5
88 63 93 64
124 59 127 61
120 110 123 112
134 113 137 115
93 9 94 14
98 132 103 133
103 89 103 100
89 142 90 147
10 101 10 112
64 34 65 39
99 97 100 102
62 181 63 186
193 51 195 54
128 8 133 9
169 249 180 249
185 70 196 70
38 46 39 51
10 60 11 65
41 217 43 220
122 155 124 158
179 176 181 179
180 80 181 85
78 103 83 104
133 181 135 184
46 75 48 78
23 222 25 225
90 181 92 184
92 138 95 140
182 14 183 19
33 222 44 222
120 11 122 14
14 55 19 56
27 89 30 91
178 86 178 97
169 63 180 63
157 62 160 64
192 0 195 2
174 224 174 235
121 39 122 44
11 48 16 49
49 221 51 224
168 7 169 12
80 67 81 72
157 151 162 152
179 50 190 50
99 76 100 81
93 96 94 101
124 176 126 179
71 147 76 148
169 38 180 38
126 109 127 114
141 46 151 46
52 26 52 36
150 116 150 126
49 43 49 53
136 210 136 220
121 133 121 143
152 0 162 0
145 239 145 249
92 44 92 54
127 221 137 221
154 234 164 234
177 208 187 208
159 33 159 43
42 54 42 64
16 144 26 144
23 126 33 126
83 153 83 163
114 213 114 223
25 9 35 9
154 13 164 13
67 241 77 241
19 183 29 183
98 23 98 33
26 164 26 174
137 93 147 93
156 29 156 39
43 2 53 2
118 104 128 104
170 23 180 23
8 198 18 198
102 77 102 87
179 20 189 20
0 157 0 167
138 204 148 204
67 16 67 26
127 241 137 241
42 229 42 239
74 248 84 248
111 20 121 20
107 226 107 236
54 33 54 43
0 118 10 118
177 118 177 128
149 51 149 61
88 164 88 174
62 140 62 150
21 206 31 206
58 107 68 107
122 87 132 87
74 224 84 224
130 95 140 95
193 75 193 85
43 160 53 160
17 99 27 99
13 149 23 149
77 122 87 122
6 248 16 248
150 68 150 78
161 105 171 105
95 107 105 107
182 60 182 70
43 248 53 248
13 216 13 226
176 26 186 26
96 85 96 95
170 233 170 243
62 46 62 56
194 231 194 241
197 228 197 238
41 73 51 73
152 168 152 178
75 247 85 247
134 98 144 98
27 21 37 21
166 197 166 207
57 167 57 177
199 126 199 136
124 122 124 132
117 36 117 46
1 167 1 177
145 86 155 86
161 153 171 153
137 76 137 86
59 245 69 245
7 17 7 27
141 28 141 38
94 66 104 66
85 66 85 75
29 193 30 197
160 74 161 78
125 18 126 22
67 102 68 106
195 31 199 32
127 193 131 194
86 208 90 209
73 232 77 233
194 226 195 230
56 97 57 101
198 57 199 61
125 234 126 238
14 96 18 97
4 122 8 123
21 24 22 28
190 211 191 215
105 180 109 181
189 137 193 138
138 199 139 203
168 170 172 171
3 216 4 220
127 153 136 153
51 48 52 52
55 50 59 51
138 216 142 217
50 9 51 13
146 27 146 36
75 142 84 142
31 129 32 133
111 95 112 99
38 241 42 242
106 166 107 170
92 34 96 35
152 72 153 76
93 37 94 41
193 91 197 92
172 245 176 246
168 164 172 165
189 115 193 116
169 196 173 197
68 87 77 87
66 243 70 244
33 105 37 106
5 132 6 136
74 81 78 82
15 21 19 22
35 35 39 36
122 74 126 75
184 41 185 45
46 49 47 53
164 75 165 79
188 73 189 77
0 15 0 24
192 231 193 235
104 155 108 156
189 9 190 13
116 174 120 175
24 145 28 146
74 175 74 184
123 52 132 52
48 168 49 172
166 51 167 55
18 57 19 61
73 30 74 34
46 194 50 195
16 112 17 116
114 10 115 14
18 179 27 179
178 238 179 242
75 97 76 101
143 124 147 125
19 229 20 233
42 72 51 72
85 112 89 113
99 207 103 208
7 129 8 133
143 232 147 233
185 161 186 165
138 70 142 71
129 102 130 106
16 186 20 187
139 55 143 56
118 81 119 85
33 89 33 98
176 70 180 71
162 183 166 184
43 94 52 94
69 46 73 47
175 162 179 163
12 84 13 88
178 58 182 59
72 55 73 59
22 54 23 58
113 224 117 225
189 192 193 193
65 62 69 63
154 167 163 167
109 18 110 22
17 204 26 204
193 170 197 171
109 204 113 205
2 11 11 11
166 227 170 228
167 199 167 208
89 172 90 176
190 206 194 207
106 189 110 190
76 176 80 177
181 166 185 167
78 116 82 117
79 205 80 209
102 200 103 204
169 121 170 125
61 14 62 18
97 185 106 185
147 149 151 150
191 181 192 185
23 163 24 167
41 21 50 21
122 232 122 241
13 174 14 178
76 214 77 218
31 33 32 37
155 180 159 181
160 96 161 100
15 127 15 136
24 83 25 87
190 220 190 229
144 157 145 161
134 107 138 108
108 40 109 44
158 53 159 57
159 119 160 123
59 35 60 39
104 7 108 8
134 5 135 9
138 142 139 146
197 11 198 15
155 168 156 172
120 17 124 18
66 128 67 132
30 242 31 246
123 202 127 203
111 240 112 244
51 84 55 85
69 32 70 36
31 75 35 76
185 121 189 122
20 50 24 51
77 57 81 58
56 207 60 208
96 72 100 73
120 146 124 147
141 174 142 178
173 54 175 56
186 44 188 46
60 140 60 148
58 5 60 7
115 247 117 249
154 49 156 51
151 18 151 26
47 113 55 113
191 232 191 240
178 104 186 104
85 210 87 212
157 116 157 124
64 99 66 101
38 65 46 65
33 13 41 13
115 122 117 124
70 51 70 59
142 185 142 193
176 177 178 179
146 225 154 225
25 6 27 8
150 156 152 158
166 74 168 76
92 74 94 76
42 47 44 49
69 228 77 228
79 39 81 41
120 57 122 59
164 20 166 22
135 144 135 152
186 10 188 12
178 54 186 54
51 117 53 119
41 18 49 18
185 131 187 133
146 247 148 249
36 164 38 166
184 177 192 177
152 183 154 185
162 26 164 28
95 47 97 49
64 152 66 154
95 189 97 191
51 140 53 142
169 176 171 178
104 229 104 237
2 98 10 98
127 67 127 75
6 188 8 190
83 35 85 37
64 238 72 238
55 8 63 8
180 95 182 97
26 227 28 229
142 194 150 194
184 99 186 101
121 183 129 183
79 74 81 76
0 115 2 117
171 238 171 246
101 109 109 109
76 11 78 13
75 124 77 126
39 81 47 81
156 161 158 163
55 156 57 158
148 182 150 184
20 61 28 61
173 12 175 14
67 220 69 222
113 198 115 200
188 237 190 239
67 224 69 226
100 239 100 247
131 84 133 86
128 136 130 138
150 102 158 102
167 99 169 101
51 148 53 150
102 36 102 44
87 8 89 10
188 30 190 32
26 156 28 158
39 112 41 114
130 109 130 117
127 13 129 15
9 206 11 208
121 79 129 79
150 95 152 97
98 119 100 121
143 146 143 154
25 78 27 80
69 18 77 18
145 2 147 4
149 130 151 132
85 185 87 187
180 75 182 77
175 32 178 33
126 155 133 155
169 214 172 215
155 40 156 43
181 39 188 39
50 184 50 191
13 113 13 120
153 16 153 23
30 13 30 20
71 8 74 9
43 89 44 92
29 50 32 51
109 221 112 222
115 7 118 8
112 107 112 114
67 192 68 195
140 200 143 201
174 204 177 205
93 153 96 154
7 151 7 158
70 37 73 38
45 204 46 207
131 161 132 164
61 201 64 202
134 233 135 236
97 65 104 65
120 25 123 26
35 152 42 152
163 99 166 100
77 150 84 150
141 41 142 44
39 29 40 32
195 41 195 48
198 155 198 162
87 97 88 100
146 87 147 90
172 136 173 139
43 55 44 58
103 62 106 63
48 147 48 154
4 93 7 94
63 195 66 196
65 93 72 93
81 139 84 140
84 227 91 227
133 128 134 131
53 111 56 112
133 58 134 61
81 131 84 132
93 164 93 171
3 228 10 228
182 158 183 161
36 33 39 34
145 179 146 182
175 186 175 193
68 166 68 173
183 27 184 30
69 188 72 189
0 62 3 63
57 77 58 80
123 187 126 188
148 206 148 213
138 2 141 3
49 231 56 231
22 132 25 133
164 237 165 240
0 128 3 129
192 220 193 223
159 212 159 219
146 107 149 108
101 160 102 163
180 64 181 67
18 172 25 172
129 173 132 174
16 153 17 156
186 4 187 7
